0	1322.976659
2	-18.46333858
4	-2977.659899
6	-6684.919026
8	5584.299682
10	5943.459181
12	-4773.123993
14	-4402.807196
16	8522.138856
18	14628.59536
20	-2463.460452
22	-32247.97911
24	-7037.018374
26	9112.096959
28	19049.94091
30	2813.280157
32	-533.4944318
34	-10648.00249
36	-27124.70029
38	-1030.016797
40	49361.49603
42	50668.63484
44	-6375.484636
46	-76120.41922
48	-17054.12798
50	26625.06939
52	63630.43905
54	592.1777152
56	-38599.29745
58	-20734.61863
60	158.678087
62	23064.1613
64	25555.68061
66	-634.5678174
68	-29999.10944
70	-17236.80357
72	-194.4180134
74	11490.41521
76	33487.66933
78	15727.30979
80	-3607.339181
82	-61322.66005
84	-56140.1117
86	703.3403599
88	101435.9142
90	73473.7999
92	-4109.15657
94	-90811.27729
96	-42098.70328
98	10081.0911
100	44996.06221
102	1945.249259
104	-10362.6379
106	-1271.722512
108	10977.56805
110	4569.277773
112	-15375.58765
114	-22287.3645
116	400.9144843
118	23212.04701
120	9691.749421
122	-47.16463736
124	-7978.609545
126	-17943.05356
128	-4566.749248
130	11323.01138
132	35254.20678
134	6338.303319
136	-12142.60129
138	-43354.1186
140	-9592.871275
142	10794.65354
144	35370.32739
146	10633.16257
148	-1171.49358
150	-13698.59365
152	-19132.45051
154	-6157.311894
156	3851.641241
158	42103.75825
160	22453.53594
162	-10310.90771
164	-50675.32837
166	-8429.338051
168	16457.42676
170	31643.51926
172	25.97322884
174	-16459.93338
176	-2571.678036
178	13384.67669
180	8234.068405
182	-11605.26663
184	-17839.15506
186	71.23647748
188	26160.3156
190	15207.37775
192	-4997.269839
194	-26046.37471
196	-5967.648824
198	1379.430652
200	11021.17475
202	11225.95047
204	1479.0321
206	-6063.264726
208	-26912.20563
210	-11330.0325
212	5047.964625
214	42284.51118
216	20308.87757
218	-4261.085674
220	-43041.26884
222	-22917.23488
224	2475.638164
226	36079.60903
228	15301.11993
230	-3246.490125
232	-19036.75135
234	-2365.613344
236	7420.83617
238	3917.697651
240	-6038.265787
242	-5314.141525
244	9850.563888
246	22597.16396
248	-1696.784199
250	-54728.98649
252	-18642.58223
254	29019.97177
256	84395.30996
258	1887.579698
260	-63461.87856
262	-48759.47546
264	176.9404825
266	37429.79705
268	39172.19377
270	2454.223361
272	-26174.59311
274	-72370.62675
276	-13012.47105
278	47161.54308
280	109459.3375
282	3342.881887
284	-59561.05341
286	-60116.88615
288	-198.6770849
290	39100.41681
292	29781.17833
294	91.3980976
296	-11634.08925
298	-8055.007054
300	95.57582591
302	4656.659674
304	96.93783098
306	-8406.921996
308	-1071.564705
310	16574.32124
312	14667.70454
314	-2651.99065
316	-26935.75308
318	-7968.921408
320	6923.650379
322	20380.72676
324	541.0883479
326	-6812.065621
328	-5457.514683
330	270.5325883
332	4570.759307
334	473.0556719
336	-5401.516585
338	-2249.314811
340	7905.251125
342	6075.437935
344	-5182.136199
346	-5498.663001
348	2934.074088
350	14948.83189
352	-705.4422935
354	-29789.87976
356	-11235.52531
358	13304.45994
360	53871.07265
362	5053.039201
364	-34268.5705
366	-61002.00227
368	-2458.487055
370	39734.09877
372	66394.86549
374	1757.141657
376	-51787.37735
378	-52790.72902
380	-101.7151431
382	37646.7926
384	44494.45508
386	169.4895238
388	-32823.72923
390	-26929.65816
392	-83.01599265
394	21362.1584
396	29614.11901
398	502.8255722
400	-24082.9068
402	-15093.66495
404	245.0408934
406	10169.96783
408	7310.049615
410	-637.3153691
412	-5884.132297
414	-707.3233239
416	56.33991515
418	1063.016911
420	3527.790147
422	-2.981764876
424	-9570.379718
426	-4007.111025
428	5041.716495
430	19804.90368
432	1988.333107
434	-23137.98941
436	-24556.38729
438	2766.060678
440	32302.0966
442	2278.228152
444	-14450.72342
446	-5628.842169
448	4089.523747
450	10010.88987
452	-1478.123855
454	-29895.88504
456	-794.7798707
458	58438.18164
460	22773.09842
462	-24867.64105
464	-40168.62717
466	46.67263143
468	23439.78698
470	6697.516198
472	-4865.317056
474	-8715.088058
476	3153.173616
478	1963.248805
480	-9576.805694
482	-4003.470323
484	7526.297344
486	19030.33081
488	462.8848499
490	-16811.98838
492	-7517.059733
494	49.27589102
496	766.2021236
498	269.9028445
500	3661.302753
502	9942.653179
504	113.2638454
506	-23108.12977
508	-25710.11204
510	10.75716866
512	20094.76729
514	14590.46911
516	1910.474483
518	-415.9536319
520	-11032.1583
522	-19542.83772
524	-1470.645561
526	13862.15625
528	21712.33399
530	1600.146356
532	-3453.098735
534	-4321.287958
536	-1260.049883
538	-607.9539769
540	0.179028112
542	987.8388623
544	1267.196752
546	2039.650852
548	1226.837162
550	-552.3325534
552	-8812.216734
554	-7146.782929
556	27.46964827
558	11356.66993
560	14112.44246
562	755.6490383
564	-11614.89519
566	-30160.53929
568	-4980.118054
570	23157.03942
572	53501.5268
574	1360.576185
576	-34281.83848
578	-35957.03238
580	-338.5039562
582	22314.46485
584	18240.74076
586	749.626915
588	-455.5432563
590	-4598.463819
592	-11134.65009
594	-3647.851069
596	60.63592919
598	11439.44199
600	34282.64476
602	3740.782714
604	-42022.18387
606	-63422.48835
608	-1307.356548
610	44439.96548
612	81841.58966
614	2786.814687
616	-63839.57175
618	-66297.67289
620	-1.038097543
622	41561.43897
624	34470.88655
626	2044.482265
628	-11936.88262
630	-26011.97291
632	-6000.621039
634	5492.325644
636	13890.01043
638	1504.308254
640	-5.185091974
642	265.9907558
644	-563.2519436
646	-16273.3928
648	-10746.42186
650	2608.197492
652	36718.56587
654	10469.53977
656	-11551.14236
658	-38312.47632
660	-4188.769258
662	19387.71675
664	30589.88015
666	852.7223026
668	-11641.54575
670	-12113.07089
672	3.302322182
674	2494.421772
676	-6.646699268
678	-139.3906317
680	7077.710822
682	7564.855023
684	-7461.794542
686	-31779.95814
688	-1966.297875
690	16454.16769
692	22592.98723
694	453.6258092
696	-8666.783718
698	-7492.325168
700	-4054.226585
702	-811.5652728
704	10671.56536
706	32798.62628
708	2300.251042
710	-29722.67774
712	-52156.64847
714	-1236.492938
716	46260.53088
718	65403.95208
720	598.2113259
722	-55495.09436
724	-51471.66111
726	18.90387131
728	55918.749
730	38797.75145
732	-7006.152821
734	-67538.61305
736	-10818.36549
738	42212.7645
740	66683.66631
742	-532.2339606
744	-79457.63202
746	-30638.01458
748	14513.71889
750	57540.5355
752	6120.427631
754	-8936.542925
756	-17273.22867
758	-10082.8701
760	-1.588481885
762	23819.00678
764	26178.11148
766	-767.7319789
768	-33450.38043
770	-11318.77495
772	12502.26672
774	30276.91766
776	-638.8988088
778	-35731.73008
780	-6339.181438
782	15939.98937
784	25390.6615
786	4.899936216
788	-12786.70339
790	-6374.298816
792	-88.45527971
794	320.0328692
796	1834.370756
798	3288.392594
800	1341.507304
802	63.86115551
804	-5191.479125
806	-16308.98757
808	-446.3359466
810	19797.0089
812	16089.73942
814	-17.24790081
816	-8167.017197
818	-6951.266298
820	282.4583435
822	626.597381
824	-459.2422889
826	518.4315081
828	2053.602385
830	84.82200183
832	9.790310637
834	-355.7923047
836	-5723.346586
838	-3149.491492
840	994.6256683
842	17535.40753
844	10454.05451
846	-8486.449761
848	-50720.54008
850	-6946.463446
852	30060.27867
854	55941.25513
856	2137.051535
858	-32848.53665
860	-39966.2051
862	-396.7826102
864	19062.35449
866	14447.68764
868	839.7279419
870	-1127.118228
872	-4296.877061
874	-2167.51011
876	-559.6060561
878	-8.74427491
880	3609.924233
882	8783.112808
884	1471.961395
886	-1624.866686
888	-8001.440545
890	-4887.510529
892	10.27160828
894	6431.190754
896	6784.187419
898	161.8787636
900	-4906.446337
902	-5404.673862
904	-15.13396741
906	879.8483931
908	560.8620366
910	1688.302053
912	1889.109698
914	-1465.544333
916	-11768.53057
918	-2474.708623
920	8442.830794
922	19310.91504
924	27.50091647
926	-17495.45246
928	-5482.766735
930	2418.77418
932	14616.92893
934	2572.353687
936	-16583.71796
938	-33126.32024
940	1.884409777
942	72125.86452
944	60937.90849
946	-16486.47198
948	-157609.8008
950	-34244.11494
952	49958.46728
954	108305.7134
956	11907.2153
958	-11945.5023
960	-32070.25413
962	-30479.9477
964	-5903.742437
966	23435.73667
968	86649.57225
970	15452.67194
972	-42069.76902
974	-82600.34699
976	-659.1964797
978	58580.65015
980	25664.47204
982	-6887.114273
984	-15333.0841
986	511.6116254
988	11717.36756
990	0.248615827
992	-21931.36307
994	-5092.909181
996	12076.9342
998	17888.34027
1000	2305.412695
1002	-7527.991205
1004	-29245.61226
1006	-5180.186293
1008	8763.11304
1010	28405.29424
1012	14005.8118
1014	-4784.774575
1016	-52566.53437
1018	-18852.98964
1020	7984.37093
1022	49346.46717
1024	25254.48248
1026	-6074.376945
1028	-74106.92661
1030	-22829.63104
1032	17647.7607
1034	49802.3509
1036	7694.201342
1038	-6573.989741
1040	-14560.45693
1042	-5200.983146
1044	-1504.957068
1046	839.3354771
1048	19481.15813
1050	21409.83088
1052	-1116.772932
1054	-30712.08543
1056	-16129.98491
1058	457.7728501
1060	15769.67398
1062	11853.45435
1064	519.1750355
1066	-9969.180675
1068	-17151.85593
1070	-1.102123184
1072	17281.53569
1074	12389.53441
1076	-3903.54125
1078	-30939.71167
1080	-986.1704511
1082	29295.05899
1084	15066.56973
1086	-9451.207754
1088	-27742.42307
1090	-169.1006655
1092	23627.20128
1094	14423.95729
1096	-2203.007692
1098	-19216.86286
1100	-8078.053282
1102	211.5871394
1104	24447.04358
1106	21888.65248
1108	-5424.991414
1110	-47409.62743
1112	-7772.59857
1114	18574.73438
1116	33898.24038
1118	135.2031238
1120	-21082.71464
1122	-3841.957126
1124	14681.62974
1126	3782.873852
1128	-10297.51035
1130	-3737.694163
1132	1219.935435
1134	10068.02492
1136	5080.315801
1138	-4944.975728
1140	-29095.8953
1142	-2824.682225
1144	20638.81383
1146	28827.87501
1148	701.6107912
1150	-23143.20434
1152	-37867.71664
1154	-8.660311511
1156	40850.97412
1158	26225.79291
1160	-939.4563082
1162	-23235.98305
1164	-9078.767078
1166	824.8636302
1168	3490.935031
1170	457.4603341
1172	773.5821708
1174	2198.777213
1176	-979.0229933
1178	-10985.23492
1180	-455.6673071
1182	10766.3716
1184	3213.248826
1186	-4389.448864
1188	-1806.405036
1190	7833.703652
1192	3578.792576
1194	-7151.259359
1196	-2977.695823
1198	1308.71784
1200	3262.64746
1202	-1.466816304
1204	-2364.003134
1206	-4164.244999
1208	-317.1333412
1210	7099.703385
1212	17678.87216
1214	827.7975021
1216	-27689.54866
1218	-44066.3061
1220	-150.514007
1222	48702.38384
1224	47831.27887
1226	149.464235
1228	-24394.57734
1230	-30242.32373
1232	-7487.087324
1234	715.2570156
1236	21405.37804
1238	36222.84119
1240	2884.550098
1242	-24611.89701
1244	-43170.11886
1246	-5104.730027
1248	7808.643683
1250	28012.08317
1252	20894.36365
1254	-4.04536745
1256	-25893.21022
1258	-29483.77003
1260	-1053.193192
1262	16731.78013
1264	27590.9783
1266	5434.333319
1268	-3854.514011
1270	-30206.78891
1272	-13603.32895
1274	4361.903115
1276	28798.38512
1278	9876.918632
1280	-6851.666313
1282	-29907.20836
1284	-505.4409706
1286	27774.57582
1288	3133.708148
1290	-17047.70156
1292	-699.1874391
1294	20610.72019
1296	1720.329782
1298	-14013.36054
1300	-8043.168349
1302	5826.502454
1304	12634.42016
1306	-7663.584379
1308	-14268.76138
1310	8694.665304
1312	38330.21252
1314	-970.455809
1316	-51050.31281
1318	-12168.61304
1320	11527.5354
1322	33419.33964
1324	1847.050354
1326	-7767.777183
1328	-5549.791777
1330	-2036.203803
1332	-335.0516867
1334	4461.638949
1336	16037.64793
1338	1864.566029
1340	-9050.149179
1342	-13030.0394
1344	318.8988601
1346	8322.536048
1348	-186.176757
1350	-3774.932145
1352	879.5449651
1354	8839.909399
1356	1238.903814
1358	-5889.316468
1360	-19247.37142
1362	-4338.545722
1364	9611.616212
1366	36919.81687
1368	8183.870012
1370	-14935.70041
1372	-42939.62632
1374	-6385.932659
1376	9310.012916
1378	21373.24503
1380	5534.056033
1382	260.0246203
1384	-913.3223254
1386	-18844.60588
1388	-25721.1253
1390	23.51979486
1392	44019.05947
1394	42635.9715
1396	-271.5952028
1398	-51269.12026
1400	-39170.11148
1402	529.5193383
1404	39488.63124
1406	33529.02117
1408	-87.20572641
1410	-47410.92015
1412	-30215.09287
1414	10639.46852
1416	51394.98801
1418	3312.138413
1420	-26064.02605
1422	-31411.40454
1424	392.4530566
1426	45576.177
1428	22035.4425
1430	-13505.95495
1432	-61232.29434
1434	-5728.468423
1436	42889.78414
1438	50781.93475
1440	-242.545338
1442	-31350.0367
1444	-19304.32588
1446	428.6655046
1448	20769.25694
1450	12366.27277
1452	-970.7112912
1454	-20502.14278
1456	-10884.73526
1458	2435.679434
1460	28152.56437
1462	9857.351159
1464	-7210.187506
1466	-24366.73582
1468	-6999.370582
1470	3173.761466
1472	20952.41829
1474	7109.068028
1476	-3198.3904
1478	-10978.91548
1480	5.851109702
1482	4611.43274
1484	-2716.385523
1486	-12737.22264
1488	508.5332369
1490	30701.24489
1492	13773.53724
1494	-8020.282674
1496	-38101.3384
1498	-4624.616425
1500	7395.558828
1502	8192.615506
1504	3568.756892
1506	2960.9173
1508	-1553.766496
1510	-30587.65453
1512	-15071.45639
1514	17275.07611
1516	66958.31782
1518	1699.969189
1520	-55504.63186
1522	-36924.2882
1524	9646.972734
1526	33521.96335
1528	321.7202036
1530	-4776.250778
1532	119.202976
1534	13.6012062
1536	-9852.132416
1538	-7585.365319
1540	1155.060237
1542	20789.20697
1544	9121.007844
1546	-1264.047599
1548	-13450.64844
1550	-15037.15948
1552	-841.8723736
1554	22694.86635
1556	31217.64433
1558	-160.3143965
1560	-21917.83447
1562	-10578.66169
1564	1431.592275
1566	6157.34471
1568	60.51534869
1570	-135.416965
1572	2677.443468
1574	1306.278274
1576	-9420.044711
1578	-18935.90546
1580	-8.90313087
1582	23512.95525
1584	33111.74159
1586	-92.73531324
1588	-45771.99731
1590	-40626.57462
1592	-37.42824061
1594	43967.19524
1596	63365.65312
1598	1264.43968
1600	-60782.98105
1602	-84753.46796
1604	-692.4089351
1606	87990.55018
1608	93705.00795
1610	-323.4286647
1612	-94764.62323
1614	-61892.92561
1616	1168.894389
1618	76875.06685
1620	52864.00017
1622	-3392.432411
1624	-68583.59411
1626	-29289.70423
1628	7412.972417
1630	37231.82852
1632	3498.316513
1634	-3979.107558
1636	-859.1105309
1638	-4.539083803
1640	-2871.334757
1642	-3904.834378
1644	1988.555999
1646	9311.794999
1648	295.2191566
1650	-695.6127729
1652	1728.639984
1654	1115.989885
1656	-11117.85952
1658	-28847.19075
1660	-125.5048
1662	37398.53198
1664	41477.55759
1666	333.1270701
1668	-35008.63444
1670	-57652.52711
1672	-6201.982787
1674	26030.37003
1676	66576.88572
1678	14547.0222
1680	-15262.27322
1682	-64946.91485
1684	-15353.95393
1686	21153.0433
1688	42672.36477
1690	1609.768522
1692	-7590.30582
1694	-9552.065415
1696	8.003063179
1698	6741.78116
1700	117.7113183
1702	-9640.387497
1704	-3182.423323
1706	2529.643427
1708	12261.31299
1710	6322.220854
1712	-5853.64545
1714	-31581.75605
1716	-4219.743945
1718	11270.02738
1720	25482.18342
1722	6528.527016
1724	-9254.491603
1726	-27096.88439
1728	-1153.423598
1730	4534.481902
1732	3263.152197
1734	4927.645561
1736	3419.183781
1738	-3027.183925
1740	-17326.13821
1742	-6751.386539
1744	1690.332628
1746	20371.11486
1748	8201.989641
1750	-1389.025903
1752	-8726.798618
1754	-8766.122234
1756	-2071.763218
1758	4533.141603
1760	24449.44932
1762	6811.406999
1764	-8654.268671
1766	-25978.45626
1768	-1321.916981
1770	24120.65962
1772	6074.728568
1774	-1449.156155
1776	405.6799204
1778	4893.425554
1780	-1832.376686
1782	-17249.35708
1784	-395.917527
1786	22393.41675
1788	8668.983022
1790	-9130.70491
1792	-9732.059776
1794	3054.891017
1796	15827.35567
1798	-390.8471929
1800	-21511.57911
1802	-3053.412007
1804	11969.80401
1806	16469.00636
1808	66.87388717
1810	-10496.15833
1812	-3798.568561
1814	2885.658551
1816	2618.455149
1818	-8180.165768
1820	-4871.79351
1822	14785.92642
1824	24998.34725
1826	-1486.168387
1828	-50631.78478
1830	-18300.52388
1832	16161.79137
1834	55494.03631
1836	2743.371932
1838	-24095.41968
1840	-21385.60662
1842	-913.7401789
1844	3658.792868
1846	17026.57432
1848	14321.1524
1850	-705.052358
1852	-33666.55974
1854	-17082.93076
1856	8085.550325
1858	34604.07291
1860	962.5677295
1862	-25689.05072
1864	-10105.61154
1866	15978.66551
1868	22736.63346
1870	-2976.054887
1872	-40390.54314
1874	-4539.809503
1876	34754.49296
1878	29439.81765
1880	-4783.809159
1882	-36768.51327
1884	-5581.246181
1886	11144.0964
1888	24411.1646
1890	3233.246839
1892	-16557.99799
1894	-47399.69191
1896	-2274.604049
1898	42368.60081
1900	54759.82682
1902	25.4724091
1904	-37298.54835
1906	-32717.85693
1908	-1572.377322
1910	9730.553198
1912	24873.67642
1914	13758.06638
1916	-33.82467802
1918	-14713.32938
1920	-20042.13968
1922	-2936.384598
1924	2528.160627
1926	11014.01498
1928	10562.40759
1930	1775.581741
1932	-7635.755594
1934	-31873.43358
1936	-7368.263483
1938	20031.49051
1940	47302.30438
1942	1437.369974
1944	-29265.46154
1946	-38750.51306
1948	-317.6329051
1950	37496.18174
1952	34622.09404
1954	-236.0560254
1956	-28730.95978
1958	-21219.96316
1960	-28.85961787
1962	15596.06736
1964	21167.79383
1966	1087.609992
1968	-11001.47533
1970	-13164.8834
1972	-604.3500535
1974	4456.637756
1976	8198.511912
1978	1749.969617
1980	-2232.118831
1982	-5116.186152
1984	-7.741026516
1986	237.0140681
1988	164.9928411
1990	2801.452898
1992	35.60913007
1994	-3015.049543
1996	-38.65781347
1998	1735.23275
2000	161.6898913
2002	-2464.619127
2004	-4796.741847
2006	146.7642361
2008	24185.78963
2010	6113.924299
2012	-20530.59943
2014	-35520.60172
2016	-14.04879561
2018	44615.60785
2020	26966.44793
2022	-4768.129404
2024	-24881.18272
2026	-4976.701143
2028	69.96795387
2030	4064.985478
2032	7382.810676
2034	1649.773888
2036	-203.3356526
2038	-4170.418982
2040	-13754.31689
2042	-3715.000878
2044	12645.96076
2046	41384.85997
2048	4432.670615
2050	-29755.15568
2052	-41526.61925
2054	20.71341549
2056	27191.0488
2058	9845.903987
2060	-671.6708358
2062	-4563.06733
2064	-3966.458375
2066	125.3667018
2068	1312.329107
2070	-361.8206103
2072	-2054.167527
2074	9.005807538
2076	9340.737905
2078	12475.09895
2080	-827.1382759
2082	-41820.00773
2084	-23001.74404
2086	6736.347271
2088	47788.56149
2090	17619.44769
2092	-727.7229927
2094	-23447.70708
2096	-39979.94584
2098	-6731.150148
2100	18585.75271
2102	69997.79155
2104	28254.52151
2106	-12991.03463
2108	-88558.93195
2110	-33328.73418
2112	6926.542754
2114	49155.41103
2116	25066.97894
2118	541.0751979
2120	-10544.33624
2122	-28004.3638
2124	-19695.69928
2126	684.0415435
2128	44921.17515
2130	25137.60465
2132	-2961.797082
2134	-19736.21469
2136	-10934.2821
2138	3880.905526
2140	1717.913141
2142	-2338.543984
2144	25.42048044
2146	16085.79392
2148	7404.301844
2150	-13792.08753
2152	-33713.8748
2154	-509.4246896
2156	32798.7022
2158	33923.40455
2160	-1990.03118
2162	-49316.28548
2164	-13079.62781
2166	9894.662907
2168	31586.10353
2170	5545.637071
2172	-6961.385546
2174	-27815.16442
2176	-6666.395594
2178	8056.160333
2180	27177.12473
2182	6516.399829
2184	-9857.254263
2186	-38302.0881
2188	-1876.035319
2190	33150.01296
2192	29930.49739
2194	-3790.465076
2196	-52673.95356
2198	-9585.183314
2200	30242.80008
2202	50215.71748
2204	-84.05351097
2206	-45334.89182
2208	-18991.23422
2210	7997.183745
2212	29188.91808
2214	929.6613469
2216	-14832.63886
2218	-8652.954477
2220	4860.917927
2222	18733.01908
2224	3.406133656
2226	-22759.2463
2228	-10482.72523
2230	2873.282281
2232	21472.62811
2234	6442.392365
2236	-2327.026236
2238	-10986.39369
2240	-5079.028858
2242	-752.364499
2244	1653.273536
2246	21206.03012
2248	13082.56154
2250	-4969.618553
2252	-33529.74786
2254	-11725.35678
2256	4085.503736
2258	30259.02131
2260	13686.14215
2262	-1942.474839
2264	-28213.054
2266	-24332.07293
2268	445.7531714
2270	51698.14623
2272	31157.45345
2274	-6859.173422
2276	-55459.22772
2278	-17465.96554
2280	9027.781051
2282	38377.87043
2284	8827.457458
2286	-4296.092199
2288	-17429.02069
2290	-9665.786467
2292	86.13416092
2294	17113.0439
2296	18374.2655
2298	-2.131693012
2300	-24660.16082
2302	-26728.36139
2304	18.75589471
2306	43826.24646
2308	40807.9682
2310	-3744.821555
2312	-83198.91349
2314	-25606.28551
2316	37701.82395
2318	78823.82026
2320	-431.1864884
2322	-63713.46508
2324	-9257.819663
2326	38585.7202
2328	34681.10346
2330	-6058.618445
2332	-40714.87512
2334	-7670.708517
2336	3871.506792
2338	27021.15123
2340	19877.18223
2342	-903.1320336
2344	-41229.96802
2346	-30134.52205
2348	1090.945539
2350	48817.25314
2352	30324.26898
2354	-9011.91373
2356	-54679.44528
2358	-2819.68126
2360	31390.96703
2362	22064.5058
2364	-4660.673052
2366	-28692.59797
2368	-745.3256434
2370	21857.70505
2372	8964.128705
2374	-2562.388582
2376	-6226.602194
2378	-555.6691763
2380	152.3200653
2382	118.3940141
2384	184.2659677
2386	862.8494902
2388	764.9807047
2390	-212.6062526
2392	-4873.144033
2394	-533.4396343
2396	6764.115811
2398	1248.678529
2400	-617.7830559
2402	-56.15756849
2404	3.872632924
2406	494.1474774
2408	636.4145474
2410	-2481.343794
2412	-3379.777894
2414	347.9097528
2416	1905.109807
2418	1037.523382
2420	1274.319971
2422	-930.4772933
2424	-5161.306386
2426	-624.9164803
2428	-74.42655632
2430	555.311023
2432	9572.682321
2434	5154.741608
2436	-1976.257551
2438	-16786.04321
2440	-8357.311768
2442	2050.521836
2444	16882.5147
2446	2247.386949
2448	-1538.750365
2450	-437.6149664
2452	-389.7973861
2454	-4713.024244
2456	-3468.814665
2458	1121.835164
2460	25855.18709
2462	19120.34392
2464	-9031.838984
2466	-68608.60964
2468	-18102.97622
2470	18012.38438
2472	85205.69731
2474	24460.33782
2476	-28774.21824
2478	-92555.27361
2480	-12952.30846
2482	17627.3012
2484	47359.67312
2486	23099.1954
2488	0.203808126
2490	-22320.65868
2492	-33661.85802
2494	-8660.151087
2496	820.8869073
2498	30875.20393
2500	51974.71698
2502	2074.599428
2504	-49503.827
2506	-73927.7684
2508	-1722.176769
2510	47570.61737
2512	55597.22964
2514	1085.94456
2516	-19329.84101
2518	-23159.07076
2520	-2891.75983
2522	4192.113985
2524	6286.389058
2526	1080.678316
2528	472.3410289
2530	1450.095357
2532	-11.44410375
2534	-19310.7461
2536	-23021.005
2538	1669.249225
2540	42979.97528
2542	22662.539
2544	-1862.488612
2546	-24060.11457
2548	-16213.97679
2550	-1665.808101
2552	3572.187699
2554	25471.53589
2556	25581.25693
2558	-1225.000066
2560	-48974.95251
2562	-18896.33112
2564	6434.290002
2566	21977.28106
2568	4150.946617
2570	-1336.465389
2572	-6754.950012
2574	-4336.157036
2576	629.5766111
2578	13527.01545
2580	5006.196503
2582	-10622.80168
2584	-33028.65428
2586	-253.0725728
2588	45528.91966
2590	32981.90689
2592	-8036.9804
2594	-49336.19347
2596	-3319.252059
2598	12276.50876
2600	8491.678585
2602	0.531434086
2604	-680.2600636
2606	-6.821561921
2608	-107.0984508
2610	-795.471121
2612	-94.87874185
2614	406.6230259
2616	529.6621165
2618	147.6276669
2620	12.31716901
2622	-274.6127418
2624	-1843.491469
2626	-895.4770611
2628	4229.66612
2630	12122.72591
2632	-1064.452462
2634	-33745.85876
2636	-8806.413673
2638	15641.72226
2640	49151.74405
2642	5204.143919
2644	-43881.68994
2646	-52860.08907
2648	1529.266793
2650	57643.03824
2652	15516.0257
2654	-14960.68556
2656	-32553.03065
2658	-597.5035632
2660	20809.0876
2662	16567.47735
2664	-245.5137579
2666	-12866.48864
2668	-11499.80901
2670	-44.28129225
2672	10725.38517
2674	19263.00451
2676	2400.612061
2678	-21056.61425
2680	-31130.84653
2682	69.05256272
2684	32284.44219
2686	18083.95558
2688	-7082.304152
2690	-39102.17744
2692	-577.8828727
2694	48448.02746
2696	15078.62974
2698	-24961.3544
2700	-31781.59829
2702	2730.565826
2704	42080.57802
2706	2972.80836
2708	-28216.87776
2710	-17150.72188
2712	8173.006487
2714	16420.7957
2716	-106.7022352
2718	-7061.640056
2720	-468.3284862
2722	7901.125505
2724	1535.656329
2726	-8619.191215
2728	-3471.631079
2730	1932.112656
2732	12047.5231
2734	1575.221386
2736	-10191.03282
2738	-17756.3165
2740	54.18808474
2742	21091.35521
2744	10556.79276
2746	-2991.535237
2748	-23853.41874
2750	-3305.643261
2752	16113.96341
2754	15368.42326
2756	-694.1734938
2758	-9791.125541
2760	-4635.454611
2762	-4.523391653
2764	6974.686073
2766	10894.66071
2768	305.7052383
2770	-4713.203716
2772	-14629.59327
2774	-5346.626687
2776	3883.195954
2778	20737.87553
2780	4767.829892
2782	-3314.029937
2784	-10114.22871
2786	-5860.516707
2788	-228.0194757
2790	8039.944196
2792	20833.59155
2794	2900.790878
2796	-20428.46706
2798	-25518.56686
2800	2768.401056
2802	28658.57669
2804	106.9568321
2806	-19958.8919
2808	-813.6513203
2810	21998.24819
2812	3132.437602
2814	-21429.63049
2816	-14019.86686
2818	13847.90903
2820	26698.53417
2822	-3075.351571
2824	-29475.19354
2826	-3659.173043
2828	8278.50359
2830	22692.53689
2832	4601.747208
2834	-8924.230673
2836	-40278.89062
2838	-10691.7976
2840	9835.277514
2842	60807.46867
2844	27187.49913
2846	-17439.59223
2848	-88267.17763
2850	-20042.58459
2852	10134.68307
2854	51179.2928
2856	31848.07879
2858	-378.3311611
2860	-34121.51235
2862	-28448.58856
2864	-1336.14303
2866	10848.37074
2868	24029.20966
2870	6199.177315
2872	-788.4807275
2874	-8948.264851
2876	-12638.1753
2878	-1071.49532
2880	17786.35696
2882	17854.29734
2884	-1215.984383
2886	-3538.002142
2888	1489.886893
2890	1848.005772
2892	-11964.13419
2894	-20494.15463
2896	1671.970645
2898	70931.49976
2900	27919.67813
2902	-34022.3223
2904	-105796.6739
2906	-13393.14096
2908	39012.50136
2910	97452.34269
2912	24980.17174
2914	-13830.5491
2916	-95549.51492
2918	-53495.90509
2920	3929.203718
2922	90455.00883
2924	60894.86861
2926	-1308.063205
2928	-60832.85509
2930	-49359.25464
2932	65.81069081
2934	40586.58276
2936	26000.39183
2938	-653.1511599
2940	-20252.12538
2942	-8369.335747
2944	5581.23805
2946	12955.31356
2948	-218.8691424
2950	-16124.73903
2952	-7024.396292
2954	11342.20463
2956	43544.33517
2958	3.427547347
2960	-63610.37279
2962	-24392.99494
2964	18465.86518
2966	41600.37488
2968	608.9596978
2970	-11653.23401
2972	-2972.835482
2974	1389.971061
2976	-8401.193163
2978	-10313.84898
2980	6019.406169
2982	48088.13648
2984	10622.15322
2986	-26904.65031
2988	-72306.19341
2990	-5704.170698
2992	49190.96438
2994	69965.7304
2996	548.8139299
2998	-39284.64994
3000	-36021.49234
3002	214.5325099
3004	37692.49332
3006	11765.64526
3008	-11599.42714
3010	-26171.95533
3012	-7.273639466
3014	28587.73428
3016	12234.82985
3018	-4907.670205
3020	-21342.23091
3022	-2918.886114
3024	11188.52971
3026	12454.22294
3028	-93.7074144
3030	-4074.313975
3032	-767.6933032
3034	120.2609469
3036	3057.389631
3038	1185.222406
3040	-5468.761696
3042	-12101.98922
3044	-15.93653095
3046	21653.16971
3048	26832.83082
3050	-1573.103644
3052	-44279.75585
3054	-13056.9053
3056	2145.791999
3058	15499.00289
3060	16458.25651
3062	1428.112885
3064	-14850.13448
3066	-32816.85155
3068	-3050.800182
3070	25175.2189
3072	48968.6102
3074	130.203352
3076	-43784.16452
3078	-22329.42468
3080	8984.840596
3082	28730.32411
3084	114.1810786
3086	-12776.38149
3088	-5463.293111
3090	3474.58553
3092	11794.00229
3094	-302.7578126
3096	-18835.1554
3098	-2876.6477
3100	17530.09736
3102	25952.79234
3104	-492.0123602
3106	-51620.7014
3108	-27549.78909
3110	14483.43245
3112	76332.96362
3114	5958.119366
3116	-31556.50468
3118	-34723.0103
3120	-1629.76893
3122	8693.181937
3124	22247.68116
3126	13832.76859
3128	-274.2454431
3130	-35000.47631
3132	-23966.41982
3134	4229.09877
3136	34830.43707
3138	3089.102553
3140	-6089.343901
3142	-4261.632146
3144	-356.1891539
3146	-444.3586133
3148	-19.11205426
3150	8514.338263
3152	17486.9598
3154	-3161.485104
3156	-56100.99736
3158	-4521.37508
3160	50760.63508
3162	32460.18434
3164	-6438.389443
3166	-27897.93844
3168	-3121.127795
3170	2797.555006
3172	3296.625006
3174	815.6740408
3176	2170.896887
3178	499.6961243
3180	-12801.90486
3182	-20897.33018
3184	2073.492337
3186	38159.55501
3188	9509.859708
3190	-15678.87652
3192	-39812.41539
3194	52.84237359
3196	43425.77169
3198	9397.803617
3200	-19944.51527
3202	-29448.69543
3204	997.2003983
3206	35398.61555
3208	6642.078315
3210	-19488.88987
3212	-23056.96711
3214	2651.395052
3216	25780.2001
3218	2285.939673
3220	-15936.41625
3222	-15418.98777
3224	3009.854983
3226	19166.84323
3228	935.7024791
3230	-8128.099984
3232	-4717.591007
3234	1361.19717
3236	1945.639064
3238	-2181.90664
3240	-547.0170732
3242	14205.22514
3244	5229.530345
3246	-18244.00045
3248	-19705.85654
3250	0.269041701
3252	24555.18577
3254	28114.10574
3256	-38.13794468
3258	-40393.97049
3260	-40985.67853
3262	-25.47397254
3264	43195.39998
3266	59107.57346
3268	2080.631898
3270	-42088.31554
3272	-59319.43778
3274	-1849.208212
3276	21599.81709
3278	22818.84944
3280	3406.025857
3282	-134.8917102
3284	-2670.625561
3286	-5902.656687
3288	-8606.310365
3290	-2010.476483
3292	6523.746912
3294	29575.11227
3296	10870.67369
3298	-6787.255082
3300	-29498.63776
3302	-8001.448359
3304	4007.032282
3306	15077.60752
3308	1403.518085
3310	-4110.625544
3312	-1205.413399
3314	6618.249594
3316	2744.986387
3318	-18420.67055
3320	-14206.26097
3322	4391.111512
3324	29414.98283
3326	3990.478106
3328	-9812.450975
3330	-23450.56471
3332	-2022.511404
3334	5477.625493
3336	8307.316235
3338	8690.62511
3340	1841.74245
3342	-13097.98768
3344	-47336.97403
3346	-8028.809929
3348	30076.56688
3350	71038.57199
3352	10286.33751
3354	-23430.95266
3356	-62800.5434
3358	-15206.39992
3360	5910.729352
3362	47565.53845
3364	30140.13031
3366	-2585.970543
3368	-43168.65442
3370	-21271.39104
3372	9580.639943
3374	25276.68232
3376	-749.7419011
3378	-10915.07639
3380	3592.185151
3382	28859.38195
3384	-914.9779823
3386	-62252.6565
3388	-17640.59453
3390	31298.11218
3392	70115.86302
3394	694.3979805
3396	-33669.08311
3398	-24134.55145
3400	-2222.464981
3402	6249.435495
3404	35244.77791
3406	13529.7958
3408	-7873.262748
3410	-33029.30838
3412	-5736.620593
3414	4584.688864
3416	12565.75364
3418	3869.506863
3420	-364.7513257
3422	-5349.182666
3424	-6319.079251
3426	-7.038625106
3428	10810.91705
3430	7552.101446
3432	-714.5045212
3434	-9196.198417
3436	-847.1835161
3438	8972.033753
3440	-187.9517629
3442	7.58196207
3444	6312.763634
3446	5719.368366
3448	-2046.383307
3450	-25488.93686
3452	-13148.95228
3454	4988.026381
3456	53114.90193
3458	19918.05719
3460	-15375.9716
3462	-73436.48089
3464	-19303.55461
3466	28639.39899
3468	89762.49952
3470	6142.275497
3472	-35487.25425
3474	-35981.42857
3476	130.8387778
3478	8356.421719
3480	30.46664032
3482	-1000.107875
3484	7354.721693
3486	20575.30061
3488	-2840.251431
3490	-66029.9582
3492	-20198.8951
3494	28125.79713
3496	85737.66696
3498	4048.257129
3500	-49289.86112
3502	-45286.39965
3504	706.7797458
3506	31286.14653
3508	13812.22664
3510	-616.5285738
3512	-19949.35185
3514	-14698.70053
3516	3147.346701
3518	28058.93155
3520	6423.255939
3522	-6333.349358
3524	-27427.10107
3526	-4821.882463
3528	20308.45929
3530	27791.70063
3532	-943.1845003
3534	-21551.20364
3536	-4170.563989
3538	5757.495822
3540	13031.39928
3542	83.94857866
3544	-8800.117679
3546	-5796.01715
3548	-128.5913636
3550	2045.432387
3552	15136.57095
3554	6307.038042
3556	-10027.57841
3558	-35239.21124
3560	-5583.941826
3562	12684.92607
3564	39332.11846
3566	9719.840955
3568	-17575.35308
3570	-58462.2471
3572	-3788.007912
3574	40815.98203
3576	48937.40304
3578	-1769.076087
3580	-70811.42906
3582	-16629.55809
3584	42855.28053
3586	68816.54394
3588	-1878.283939
3590	-69727.42892
3592	-19459.40308
3594	14556.24189
3596	42770.81574
3598	1020.749234
3600	-13239.91768
3602	-5857.526825
3604	-339.1446103
3606	-5.521614771
3608	2567.51167
3610	11636.61367
3612	2061.441823
3614	-12078.46875
3616	-33919.05203
3618	-380.8494237
3620	51472.75887
3622	38367.20701
3624	-3815.363521
3626	-58489.33816
3628	-24394.83885
3630	5799.359607
3632	38346.42936
3634	18340.96663
3636	-340.6918986
3638	-30935.43078
3640	-27500.4639
3642	984.8733072
3644	30046.54647
3646	9742.103345
3648	-2989.149079
3650	-9420.775772
3652	-629.2960666
3654	8439.284757
3656	1475.284996
3658	-1525.200782
3660	5.338095337
3662	740.6882258
3664	1010.385712
3666	575.406888
3668	-3258.316947
3670	-2274.998913
3672	246.1663171
3674	698.2612001
3676	0.228358795
3678	264.2702499
3680	1715.246927
3682	67.41186253
3684	-7065.131997
3686	-14992.00302
3688	1610.430599
3690	41084.46869
3692	4823.920778
3694	-21455.19074
3696	-16047.66102
3698	3912.940272
3700	5491.875123
3702	-8315.392511
3704	-7194.293024
3706	15827.49201
3708	46032.15478
3710	-2.755591877
3712	-66509.17832
3714	-32440.31723
3716	3302.589814
3718	26641.07549
3720	13132.56532
3722	722.5604364
3724	-797.2665242
3726	-4906.085986
3728	-15523.34275
3730	-12023.54137
3732	974.8924702
3734	39770.78622
3736	37606.99304
3738	-0.013199698
3740	-49925.61416
3742	-65776.53587
3744	-110.5995822
3746	79417.35565
3748	64620.96573
3750	-1059.335926
3752	-57818.28209
3754	-36269.7556
3756	2596.049096
3758	40371.3769
3760	6480.898984
3762	-7356.372036
3764	-4447.123379
3766	893.9873651
3768	1853.222801
3770	-1548.566232
3772	-13735.16357
3774	-1877.937571
3776	28401.288
3778	52484.78358
3780	-502.8085165
3782	-87791.02664
3784	-56593.65636
3786	4949.263072
3788	108574.4635
3790	61885.2443
3792	-11507.98748
3794	-125926.275
3796	-49325.69558
3798	20049.61348
3800	106602.348
3802	21952.91112
3804	-17349.11171
3806	-47351.21305
3808	-11030.95606
3810	2643.630358
3812	15089.25673
3814	15995.45365
3816	1889.601071
3818	-11846.71689
3820	-31268.96947
3822	-3031.05795
3824	32213.76876
3826	39667.93747
3828	-1255.065587
3830	-40690.67737
3832	-12361.65719
3834	8462.781019
3836	27563.35258
3838	2415.210632
3840	-13297.98046
3842	-18565.71824
3844	1209.09733
3846	11594.58857
3848	-43.80292336
3850	-4041.210676
3852	465.7288142
3854	7684.174311
3856	764.546177
3858	-10002.97037
3860	-13708.01248
3862	93.17262383
3864	16433.0631
3866	9055.280432
3868	-1139.50295
3870	-12124.95139
3872	-1603.243524
3874	7727.27029
3876	1393.906147
3878	-13015.16704
3880	-3431.977607
3882	17855.91841
3884	24374.14065
3886	-1441.899858
3888	-45817.37461
3890	-20167.8442
3892	8471.64022
3894	48970.64784
3896	9465.744984
3898	-10859.29762
3900	-31234.65299
3902	-7192.166542
3904	5951.598051
3906	19745.3903
3908	4926.821808
3910	-778.2785718
3912	-6674.152067
3914	-7475.073676
3916	-723.1149035
3918	6181.81457
3920	13717.98242
3922	403.8939336
3924	-11238.33498
3926	-2147.766602
3928	12650.90395
3930	2361.104071
3932	-19174.5483
3934	-8729.230661
3936	2559.862291
3938	18776.35263
3940	7934.574533
3942	-3591.735067
3944	-20874.24491
3946	-3888.238785
3948	1151.703493
3950	7653.763361
3952	10693.10388
3954	-277.4357096
3956	-17590.39734
3958	-3257.825637
3960	12661.41282
3962	13749.9097
3964	-1813.644735
3966	-7254.609169
3968	362.3683906
3970	5385.233595
3972	-1810.713151
3974	-10701.65248
3976	243.0498232
3978	34287.00062
3980	14502.79515
3982	-25229.86847
3984	-79565.56066
3986	-2479.842766
3988	60900.47505
3990	68041.28815
3992	294.6329852
3994	-44206.71004
3996	-45105.00733
3998	-720.0471049
4000	20665.10442
4002	20621.93474
4004	3013.466689
4006	-41.07336296
4008	-5973.245267
4010	-19885.10567
4012	-6291.059189
4014	10390.38915
4016	30277.60516
4018	2798.080328
4020	-6995.339028
4022	-12831.35598
4024	-2700.939651
4026	409.0252895
4028	6703.804708
4030	11056.63984
4032	1.286122606
4034	-20400.21663
4036	-10604.10599
4038	8416.61992
4040	17882.12153
4042	-160.1980546
4044	-12066.02362
4046	-1434.605308
4048	16564.01682
4050	6725.183758
4052	-20602.04678
4054	-15447.89344
4056	2263.632945
4058	30947.72624
4060	10341.98853
4062	-13413.64533
4064	-43249.18665
4066	-1555.620802
4068	33351.5248
4070	26987.24097
4072	-3235.305957
4074	-34391.2196
4076	-584.1040899
4078	36714.01004
4080	5780.60269
4082	-22874.81572
4084	-16518.27767
4086	2313.606558
4088	19036.52974
4090	3313.638889
4092	-4978.156552
4094	-5929.367477
4096	1121.154893
4098	-963.4409373
4100	-5495.463609
4102	701.4872314
4104	19518.38508
4106	6731.084923
4108	-7665.152655
4110	-33692.22353
4112	-3452.185827
4114	27231.01644
4116	25884.29787
4118	-616.8473988
4120	-7847.260692
4122	-65.75769646
4124	64.53276918
4126	-9191.592276
4128	-5663.458411
4130	596.8737637
4132	32401.57294
4134	30281.7533
4136	-4992.42966
4138	-77877.0501
4140	-40406.8553
4142	5548.549883
4144	80094.91976
4146	49914.46098
4148	-1177.989301
4150	-59656.80544
4152	-55307.25802
4154	-1093.261505
4156	40045.00099
4158	64713.75406
4160	4554.300808
4162	-25699.01289
4164	-41043.64423
4166	-3292.424497
4168	11017.73991
4170	15282.02145
4172	2186.25867
4174	-1.791778701
4176	-1420.974431
4178	-8939.530769
4180	-4544.573239
4182	6453.423529
4184	18205.93956
4186	-345.4330046
4188	-16125.24708
4190	-704.3943594
4192	17010.65353
4194	6177.867637
4196	-9002.277163
4198	-12371.29464
4200	1105.345468
4202	10373.25371
4204	-9.023739439
4206	-2394.302286
4208	1571.350469
4210	90.60614079
4212	-7636.548977
4214	-2598.79886
4216	2095.776056
4218	19194.05226
4220	1807.911535
4222	-31280.69025
4224	-21809.10708
4226	6295.232749
4228	45481.35992
4230	8961.196911
4232	-19038.56456
4234	-58173.36096
4236	-6086.845672
4238	50938.91962
4240	77987.12645
4242	123.6370399
4244	-69200.97006
4246	-56101.67265
4248	2539.359573
4250	75138.07565
4252	28407.57245
4254	-18217.84123
4256	-73355.82492
4258	-4480.537834
4260	51030.32744
4262	60987.48867
4264	-2644.229111
4266	-85884.3114
4268	-21456.51386
4270	30120.01576
4272	59560.8609
4274	1086.713
4276	-24383.29577
4278	-21266.32737
4280	291.2849626
4282	19935.93619
4284	4965.786239
4286	-5036.436993
4288	-15724.29293
4290	-1451.456698
4292	13942.51153
4294	18391.94975
4296	-1.797539799
4298	-10039.56589
4300	-6477.840355
4302	-3384.106661
4304	-1134.536605
4306	9384.825386
4308	38842.23495
4310	6217.577232
4312	-28534.87284
4314	-68697.60707
4316	-2854.666959
4318	42239.55205
4320	46600.31446
4322	1148.72569
4324	-21286.92518
4326	-28281.92184
4328	-646.5174779
4330	9368.267478
4332	5694.348716
4334	182.3827214
4336	111.2893062
4338	726.4943193
4340	-2620.310291
4342	-26801.54141
4344	-7472.134643
4346	31943.51812
4348	71066.81168
4350	1256.384458
4352	-54449.35617
4354	-47016.33209
4356	106.3615652
4358	27207.8182
4360	11709.16981
4362	339.0445281
4364	-147.2998723
4366	-3888.966212
4368	-14245.99089
4370	-5406.729306
4372	4986.818289
4374	34619.76533
4376	13993.58001
4378	-14325.48308
4380	-48622.82197
4382	-5162.858322
4384	14830.12693
4386	40845.93124
4388	9407.862334
4390	-17743.21525
4392	-49889.70771
4394	-3798.789816
4396	20591.40468
4398	30427.43335
4400	1586.00971
4402	-7390.055246
4404	-5982.605732
4406	-1781.713933
4408	-3478.601672
4410	422.9190735
4412	20172.81036
4414	9171.927092
4416	-2816.792285
4418	-9944.211679
4420	-1400.542842
4422	177.006285
4424	-1564.966897
4426	-2880.568423
4428	8417.340876
4430	39996.66505
4432	1011.597804
4434	-49745.07846
4436	-37684.52137
4438	302.8944898
4440	27530.12776
4442	24095.78538
4444	1242.601843
4446	-10355.92154
4448	-22931.84099
4450	-8398.115223
4452	3219.802348
4454	39830.41849
4456	16923.60384
4458	-20784.19765
4460	-46415.81699
4462	23.22036923
4464	35026.50413
4466	10770.79827
4468	-7778.559896
4470	-17421.57478
4472	-445.6568719
4474	7021.480213
4476	9140.980861
4478	2171.04498
4480	-2150.849263
4482	-14662.84853
4484	-5357.98163
4486	1560.763321
4488	17940.03496
4490	16699.20808
4492	-2242.746858
4494	-56000.19965
4496	-24368.10758
4498	14828.85216
4500	91552.46192
4502	19103.04852
4504	-46947.6943
4506	-105022.7586
4508	-3479.320974
4510	81896.55474
4512	73204.81248
4514	-354.3170513
4516	-43950.1679
4518	-30909.79715
4520	426.2143375
4522	18166.43344
4524	7053.642962
4526	-823.1393675
4528	-4922.573874
4530	254.3102212
4532	7043.800708
4534	-21.89112764
4536	-23179.96313
4538	-10848.36449
4540	10124.16348
4542	42150.89131
4544	4921.248367
4546	-23408.49241
4548	-39921.69689
4550	-54.84103539
4552	37997.72518
4554	11852.51537
4556	-11292.37544
4558	-9429.091919
4560	8173.606812
4562	13074.65442
4564	-9356.492628
4566	-44374.83157
4568	-82.21037046
4570	52492.86851
4572	28849.26677
4574	-7365.421432
4576	-40264.41157
4578	-5177.991446
4580	7489.315913
4582	5594.641363
4584	1149.719999
4586	1329.781356
4588	-16.6457677
4590	-3681.949158
4592	-4011.168397
4594	-549.719628
4596	1532.341027
4598	6403.612188
4600	1845.258881
4602	-887.4041108
4604	-3081.760181
4606	-153.1633984
4608	2850.175353
4610	-752.2030905
4612	-5133.104305
4614	12.5488522
4616	18548.25974
4618	14356.3108
4620	-10403.67779
4622	-65312.73875
4624	-2276.393764
4626	63141.26872
4628	30106.53447
4630	-7872.964222
4632	-21064.98519
4634	-1370.976621
4636	6674.368822
4638	3557.928129
4640	-413.9210721
4642	754.5308944
4644	4173.243703
4646	-2757.841577
4648	-4103.524194
4650	535.3889968
4652	3971.077947
4654	-5.459762319
4656	-1669.495355
4658	-85.62964129
4660	-7.716122499
4662	-1443.603131
4664	-89.42406974
4666	13477.53168
4668	17355.08711
4670	-4079.101848
4672	-48608.49834
4674	-14936.18718
4676	7945.843139
4678	45029.64749
4680	17484.87869
4682	-3665.53674
4684	-38616.27067
4686	-25593.58608
4688	1078.451012
4690	40747.975
4692	25508.07642
4694	-1742.514315
4696	-35864.93241
4698	-21888.34435
4700	2928.988666
4702	34587.81241
4704	15106.41236
4706	-2360.153039
4708	-26233.99909
4710	-11833.67247
4712	440.5634242
4714	11778.26306
4716	10727.62154
4718	143.4604315
4720	-2281.104629
4722	-1215.51973
4724	-2519.633664
4726	-9084.033386
4728	-1164.915899
4730	19065.06773
4732	45060.87392
4734	2411.128199
4736	-39413.77224
4738	-59181.42974
4740	-1357.366303
4742	32931.99437
4744	43509.19007
4746	4681.891069
4748	-13880.09662
4750	-41778.81411
4752	-6736.151131
4754	22233.743
4756	35379.71945
4758	0.604214045
4760	-13111.82311
4762	63.76659522
4764	6118.596368
4766	-7476.837213
4768	-19684.43091
4770	790.7668432
4772	46090.65644
4774	17931.03207
4776	-19053.49238
4778	-56934.13303
4780	-2084.899226
4782	27578.62583
4784	18580.55102
4786	283.6905589
4788	-1697.442448
4790	-6683.062121
4792	-5438.518771
4794	-152.1129112
4796	1230.338933
4798	9626.424382
4800	14606.43163
4802	-632.1847514
4804	-31811.9987
4806	-14794.50634
4808	779.9504495
4810	27616.52343
4812	31544.22455
4814	-670.0544593
4816	-56801.41992
4818	-35311.09667
4820	6312.610763
4822	74894.49671
4824	22782.9137
4826	-29508.50232
4828	-63671.90856
4830	296.9643378
4832	38964.9692
4834	4480.547267
4836	-13167.01318
4838	-11982.77839
4840	2937.519384
4842	20134.92585
4844	1366.353852
4846	-8547.693699
4848	-10549.40911
4850	-2697.354757
4852	197.8967989
4854	14232.7343
4856	20368.11416
4858	303.3746715
4860	-22894.558
4862	-45113.49476
4864	-3538.694878
4866	33586.39258
4868	63044.89049
4870	6494.31162
4872	-24677.87491
4874	-68334.4398
4876	-14535.96575
4878	22011.14862
4880	61092.69393
4882	5307.616978
4884	-11542.30314
4886	-12034.77415
4888	-1939.910651
4890	-664.0053129
4892	7.05525093
4894	9105.427563
4896	15243.88701
4898	-41.0774374
4900	-21651.05002
4902	-6808.212898
4904	13677.72652
4906	9550.594469
4908	-8034.182352
4910	-5430.913431
4912	7194.314624
4914	11413.95914
4916	-530.0153359
4918	-11956.1795
4920	-3859.383524
4922	398.8194599
4924	7298.053076
4926	5717.773649
4928	-3.204174139
4930	-10519.98984
4932	-12830.19869
4934	176.9740113
4936	19003.00898
4938	11680.79091
4940	-190.7546555
4942	-17616.93775
4944	-21101.85319
4946	-6.307787861
4948	37623.47234
4950	31260.26609
4952	-2266.003431
4954	-48849.15503
4956	-18249.20628
4958	16462.97858
4960	48104.96196
4962	72.37936516
4964	-40521.97629
4966	-16364.09556
4968	10494.76655
4970	28812.09758
4972	1776.928533
4974	-6707.146214
4976	-13160.71871
4978	-7164.094614
4980	-3.174909577
4982	19892.16724
4984	45271.21122
4986	1462.094635
4988	-67078.40342
4990	-61160.49911
4992	7239.328047
4994	74216.98305
4996	5114.009153
4998	-26756.74681
5000	-8974.845982
5002	21650.14047
5004	13715.25937
5006	-29893.29215
5008	-35689.66465
5010	2414.670463
5012	55556.33834
5014	27485.80431
5016	-6750.822338
5018	-68637.01192
5020	-29658.13996
5022	8735.883012
5024	78330.26811
5026	30352.91259
5028	-17454.44929
5030	-91548.66872
5032	-13538.98352
5034	46146.79939
5036	68021.33746
5038	313.6093422
5040	-34943.67894
5042	-22763.18497
5044	1953.034733
5046	10599.23644
5048	1286.523339
5050	-195.6168904
5052	-931.4269138
5054	1.022568888
5056	-1502.444847
5058	-2219.4804
5060	690.110523
5062	10618.03963
5064	1199.850654
5066	-11105.73691
5068	-20398.65225
5070	-14.64157035
5072	40669.2481
5074	32400.26278
5076	-7043.682892
5078	-52221.53421
5080	-11491.21797
5082	9788.169494
5084	23896.71971
5086	1754.128943
5088	-2836.626804
5090	-1962.885088
5092	6.561764328
5094	-1413.429553
5096	-3676.678653
5098	-612.8761437
5100	685.4177404
5102	4754.103262
5104	1884.823514
5106	-204.0043024
5108	-441.5225283
5110	-3663.305918
5112	-12004.697
5114	-43.94096835
5116	31655.39604
5118	30981.32448
5120	-1144.412809
5122	-48351.63459
5124	-31475.977
5126	2685.763702
5128	65056.91718
5130	26217.32358
5132	-11736.71239
5134	-58460.22772
5136	-21433.30311
5138	7732.763746
5140	66850.59356
5142	27345.19512
5144	-9470.342871
5146	-62080.1218
5148	-25165.40184
5150	6073.485469
5152	44039.9288
5154	17403.36667
5156	-412.7855789
5158	-20656.54757
5160	-28532.70909
5162	128.5049283
5164	31132.50733
5166	9464.862253
5168	-10613.68822
5170	-17137.97832
5172	3561.334269
5174	22699.85866
5176	0.739340336
5178	-24764.85454
5180	-6972.593737
5182	5640.801805
5184	8149.091776
5186	2074.741619
5188	416.8229693
5190	-3586.010305
5192	-19412.78306
5194	-6818.785897
5196	12811.36646
5198	43670.99377
5200	2716.102826
5202	-25982.42411
5204	-29680.6058
5206	-7.392721519
5208	12454.58632
5210	9374.688144
5212	3172.253453
5214	-333.2025691
5216	-8915.545753
5218	-9205.791113
5220	-114.7550279
5222	5767.870612
5224	10440.84494
5226	1500.12988
5228	-2926.993119
5230	-5797.493973
5232	-6207.30948
5234	-1134.059736
5236	10660.72338
5238	26450.39932
5240	971.0330997
5242	-19165.14486
5244	-28299.01319
5246	-1124.813639
5248	12031.66828
5250	12902.568
5252	2227.336904
5254	1147.12366
5256	-1378.672188
5258	-33999.39885
5260	-27421.22036
5262	4066.579464
5264	79926.94436
5266	35471.27206
5268	-19051.42902
5270	-71409.3694
5272	-8314.348211
5274	13226.0286
5276	28422.71753
5278	4034.043524
5280	-3135.438221
5282	-876.3273684
5284	979.1192731
5286	-3642.610691
5288	-29138.79487
5290	-1226.180613
5292	48041.36059
5294	61864.41028
5296	-194.5020633
5298	-86190.34554
5300	-59805.01894
5302	1948.74917
5304	69860.32363
5306	39522.10846
5308	-1335.853591
5310	-31964.70537
5312	-21084.24903
5314	-395.6957696
5316	17331.45511
5318	22838.71251
5320	316.5882515
5322	-6093.07635
5324	-2084.18323
5326	183.6348832
5328	-42.46351234
5330	-3003.475893
5332	-322.1366824
5334	11673.84269
5336	12346.82722
5338	-10759.08921
5340	-21994.02716
5342	1471.578521
5344	27943.47818
5346	3452.096342
5348	-19387.75092
5350	-23980.5152
5352	246.7088139
5354	24158.65163
5356	13848.34675
5358	-150.642143
5360	-11309.86103
5362	-17877.11381
5364	-2799.698371
5366	11654.6985
5368	30771.7205
5370	3838.016206
5372	-14644.60847
5374	-33737.75295
5376	-1689.295652
5378	26363.42801
5380	32816.0313
5382	-146.4149977
5384	-35408.25622
5386	-14775.5239
5388	6649.143494
5390	18453.14929
5392	600.6215752
5394	-2631.640325
5396	-1079.023979
5398	4.735821479
5400	-3499.885935
5402	-1738.180031
5404	59.20478554
5406	3285.175396
5408	3070.108456
5410	1309.629268
5412	-478.3191773
5414	-9805.784764
5416	-7779.647566
5418	319.3061623
5420	11381.578
5422	5921.288967
5424	-0.138548915
5426	-1527.855472
5428	-4041.752768
5430	-5084.780095
5432	188.430383
5434	10703.11379
5436	939.5852728
5438	-5355.199159
5440	-32.32392411
5442	11485.42009
5444	939.3256066
5446	-27106.85759
5448	-17272.11353
5450	6035.599484
5452	46212.65435
5454	4423.925384
5456	-30230.95202
5458	-26196.71966
5460	3562.550297
5462	18887.15524
5464	737.361687
5466	-4909.460101
5468	-2212.639467
5470	29.60705335
5472	2004.764417
5474	1700.058289
5476	0.357281638
5478	-1310.686025
5480	-9132.561885
5482	-4089.801138
5484	17406.5181
5486	46703.65291
5488	13.93303206
5490	-63441.57947
5492	-48281.3681
5494	2487.743288
5496	102841.472
5498	47652.97662
5500	-27481.80326
5502	-111482.5995
5504	-11030.31358
5506	47438.28792
5508	66276.03204
5510	425.966295
5512	-29412.94502
5514	-16244.59584
5516	3026.998148
5518	2848.897959
5520	-100.9382581
5522	1284.497045
5524	535.409935
5526	-2187.865106
5528	-239.9662767
5530	172.9778805
5532	3264.262975
5534	647.0262336
5536	-7483.031199
5538	-5600.442801
5540	12.63211105
5542	4257.654645
5544	9058.345585
5546	3315.804626
5548	-7627.414278
5550	-28889.07828
5552	-3634.302374
5554	18905.36387
5556	49412.65127
5558	2903.125272
5560	-52862.45575
5562	-41567.84595
5564	5342.552892
5566	44469.03488
5568	7795.695019
5570	-6826.653025
5572	-19248.97483
5574	-1961.388355
5576	5429.714421
5578	4492.51982
5580	886.2973193
5582	545.8605095
5584	-409.6270172
5586	-3372.380605
5588	-1827.057262
5590	-76.85324224
5592	384.6163086
5594	1999.9345
5596	3759.4193
5598	1383.416261
5600	-3238.406152
5602	-17510.17281
5604	-4521.429551
5606	3913.210293
5608	19826.42041
5610	9784.335378
5612	-550.6975797
5614	-17076.82564
5616	-21945.22108
5618	-2093.250257
5620	13567.34667
5622	30171.25782
5624	8093.816721
5626	-2030.832538
5628	-29852.48983
5630	-34826.4568
5632	-21.45771521
5634	41576.62855
5636	45477.96438
5638	659.4438229
5640	-33462.25168
5642	-43477.60527
5644	-1320.541508
5646	20167.85369
5648	35833.96059
5650	5568.142732
5652	-13868.13388
5654	-35278.34962
5656	-5129.449783
5658	11187.26303
5660	19527.69872
5662	903.799063
5664	-506.2339526
5666	-164.8871187
5668	-4435.81877
5670	-17538.26678
5672	-2371.71923
5674	18812.68109
5676	42763.16165
5678	7236.32505
5680	-13702.29473
5682	-48348.87511
5684	-21894.47093
5686	241.1978574
5688	46888.95214
5690	68632.85367
5692	872.9161545
5694	-63993.01586
5696	-77945.54585
5698	-1911.071179
5700	57992.39005
5702	75059.00739
5704	716.2143707
5706	-43999.7093
5708	-47932.49001
5710	-2.250206263
5712	46920.35113
5714	24706.49066
5716	-7346.530692
5718	-33071.28117
5720	-1065.482429
5722	18376.80437
5724	16442.2464
5726	-582.0752908
5728	-25997.34573
5730	-8152.609384
5732	5190.512404
5734	26039.67154
5736	6506.110168
5738	-7701.909865
5740	-31769.34473
5742	-11215.61301
5744	5447.917656
5746	45891.50485
5748	19775.77214
5750	-10257.2975
5752	-56650.31963
5754	-11494.37528
5756	17919.03362
5758	47444.88071
5760	3801.356442
5762	-26551.35127
5764	-24040.98497
5766	4669.381758
5768	39194.74144
5770	573.7741868
5772	-43178.84278
5774	-17728.69577
5776	14786.98586
5778	32269.67706
5780	141.1607037
5782	-13621.35566
5784	-1967.446471
5786	2684.848214
5788	-9.020477316
5790	-9029.928319
5792	-242.5858373
5794	23310.81029
5796	14455.67936
5798	-9201.925078
5800	-34003.2789
5802	-2349.323536
5804	17908.85474
5806	24887.44298
5808	7.993413333
5810	-21345.22779
5812	-7971.635299
5814	2641.315123
5816	9518.811222
5818	4024.147189
5820	-1122.226944
5822	-19351.93587
5824	-7844.647768
5826	7438.097485
5828	42258.59759
5830	6013.073463
5832	-42953.69617
5834	-58804.83744
5836	1897.278133
5838	84270.68686
5840	27458.68296
5842	-24483.43331
5844	-73172.15761
5846	-5634.712829
5848	36804.91222
5850	50058.122
5852	1017.788858
5854	-19975.15081
5856	-29959.33143
5858	-4195.283843
5860	9577.081873
5862	26148.58625
5864	10526.3733
5866	-637.7729471
5868	-19407.73825
5870	-14693.23631
5872	111.5163345
5874	6775.639422
5876	1731.949226
5878	1237.056968
5880	2352.175034
5882	-7.66698726
5884	-11492.41226
5886	-18196.64581
5888	52.7868467
5890	23302.1745
5892	12431.88202
5894	-224.1147235
5896	-4876.572901
5898	-7289.499574
5900	-5954.889596
5902	1396.69477
5904	17447.83712
5906	4858.126019
5908	-2246.017077
5910	-7974.072084
5912	-3162.412279
5914	1193.770862
5916	7655.873504
5918	414.5285224
5920	-3458.917772
5922	-4163.008654
5924	-0.011247383
5926	8473.718682
5928	8296.220259
5930	-3661.189298
5932	-28623.63286
5934	-2230.446658
5936	22921.40402
5938	21428.22181
5940	-331.7625697
5942	-12667.84046
5944	-6355.007002
5946	127.7569923
5948	-537.8980336
5950	396.6729082
5952	9189.343591
5954	2817.894763
5956	-3768.707792
5958	-8733.845969
5960	-1566.838327
5962	7803.325384
5964	9896.834295
5966	-294.4731364
5968	69.32776901
5970	4046.640726
5972	-380.4872443
5974	-13552.83489
5976	-3685.889485
5978	1319.350585
5980	14203.83259
5982	12870.29158
5984	-3658.514082
5986	-34045.10099
5988	-5825.885829
5990	7836.852676
5992	20431.33353
5994	2541.46768
5996	-4107.313438
5998	-3086.861005
6000	-1335.498798
6002	-4817.336546
6004	-242.1527902
6006	24747.19741
6008	37049.76581
6010	-2742.038334
6012	-82429.89141
6014	-27886.67307
6016	22098.01659
6018	73566.4088
6020	8515.592691
6022	-18214.31
6024	-38408.74267
6026	-7148.150779
6028	2774.503934
6030	12099.92191
6032	19027.35219
6034	5997.78447
6036	-7467.373196
6038	-36915.11953
6040	-17141.61404
6042	1527.760906
6044	33716.64467
6046	31831.76563
6048	52.91218787
6050	-23290.25706
6052	-28151.43242
6054	-4989.658573
6056	10309.94517
6058	36140.18506
6060	5778.777193
6062	-10309.45295
6064	-19113.59693
6066	-21.15019174
6068	13733.69916
6070	1104.759492
6072	-7902.427932
6074	-2145.162222
6076	8670.566871
6078	10611.35336
6080	-1897.552208
6082	-15634.7689
6084	-2950.019891
6086	1470.957714
6088	11055.57939
6090	7752.214384
6092	-1042.719184
6094	-30026.26462
6096	-17121.70078
6098	6647.170855
6100	53443.32029
6102	12857.20234
6104	-17888.54821
6106	-38294.98471
6108	-2494.0429
6110	7018.584339
6112	7224.719815
6114	453.7503009
6116	585.9961647
6118	3824.703555
6120	-91.82291405
6122	-26569.47681
6124	-22797.04734
6126	2511.933535
6128	40779.70626
6130	26433.15523
6132	-2075.434753
6134	-41373.40367
6136	-16446.20464
6138	3836.494453
6140	19106.68184
6142	4068.789974
6144	-1723.092909
6146	-5682.359276
6148	-432.6809376
6150	8355.131142
6152	1988.576873
6154	-13947.13872
6156	-4614.7358
6158	3323.817725
6160	13951.34159
6162	4504.280968
6164	-5612.841997
6166	-34043.02126
6168	-8533.909924
6170	13084.15415
6172	49776.92814
6174	11814.66107
6176	-22763.98661
6178	-73712.99282
6180	-5250.527195
6182	45693.65289
6184	49466.84303
6186	48.53262747
6188	-25204.60716
6190	-30832.58262
6192	-1128.956286
6194	28548.95188
6196	47097.96304
6198	136.25003
6200	-55380.89901
6202	-41328.78996
6204	2817.470414
6206	67635.92342
6208	25947.81601
6210	-12378.35769
6212	-45885.89656
6214	-9984.996596
6216	3506.725859
6218	16650.4145
6220	13154.66389
6222	1504.979508
6224	-5637.473484
6226	-23678.23144
6228	-7931.935783
6230	5679.405482
6232	14278.93092
6234	637.886817
6236	126.2947248
6238	833.4080222
6240	-5010.106256
6242	-20066.85807
6244	-3213.16464
6246	10657.92933
6248	36235.76083
6250	7856.815612
6252	-10713.07063
6254	-28159.15612
6256	-10940.9858
6258	139.8139372
6260	33462.33112
6262	30586.96763
6264	-3762.553404
6266	-39694.90987
6268	-6412.467186
6270	11769.47834
6272	12220.23274
6274	-587.196131
6276	-231.6550684
6278	11672.18414
6280	291.4446216
6282	-44549.68962
6284	-17092.77969
6286	16985.58961
6288	52003.37143
6290	2374.272135
6292	-31978.78829
6294	-33639.42708
6296	511.4708893
6298	22512.59799
6300	5609.511671
6302	-1296.390535
6304	-3771.77951
6306	11.12127777
6308	-1310.708629
6310	-4256.414299
6312	2.878640204
6314	6238.532624
6316	825.9035388
6318	-861.0496655
6320	648.9485009
6322	3180.100444
6324	-2284.699078
6326	-25307.67783
6328	-3347.040543
6330	26206.31164
6332	34540.66018
6334	-1037.521696
6336	-37761.42775
6338	-8999.487559
6340	11697.82734
6342	20754.69312
6344	-480.9174864
6346	-29153.25038
6348	-4731.722076
6350	28591.49436
6352	36267.27071
6354	-2375.359857
6356	-52907.54723
6358	-16292.84428
6360	5113.421152
6362	26959.82357
6364	13329.50137
6366	-15.57735556
6368	-12223.92375
6370	-23344.34846
6372	-6521.43763
6374	8828.513373
6376	46501.4915
6378	13313.22891
6380	-16485.55322
6382	-59270.79179
6384	-8803.926341
6386	25044.79293
6388	50538.50777
6390	3008.057099
6392	-15882.14108
6394	-37913.96282
6396	-10663.72099
6398	15851.75349
6400	60662.52703
6402	7258.605335
6404	-35081.67958
6406	-57472.88999
6408	-315.2021195
6410	55156.15177
6412	37094.88239
6414	-9911.014068
6416	-48292.765
6418	-2173.946627
6420	26599.71306
6422	21954.20884
6424	-901.9006699
6426	-21244.67103
6428	-7861.022089
6430	1055.670008
6432	19086.15073
6434	13382.99939
6436	-4690.787525
6438	-42494.68222
6440	-7661.037186
6442	20543.23067
6444	43085.0145
6446	1963.981094
6448	-27084.13751
6450	-34697.80794
6452	-199.4111733
6454	22149.37431
6456	22396.87816
6458	3272.455245
6460	-5914.450734
6462	-31419.50654
6464	-11062.41925
6466	6891.688613
6468	23765.96492
6470	3927.49223
6472	-2811.422591
6474	-2444.158827
6476	149.8703756
6478	-4256.676883
6480	-8190.980481
6482	0.197263243
6484	13078.27042
6486	6907.891282
6488	-400.2352668
6490	-62.82415447
6492	138.6378979
6494	-16460.46801
6496	-20690.10754
6498	602.2800551
6500	50246.57509
6502	20833.85113
6504	-11432.87468
6506	-33519.44003
6508	-3519.203809
6510	2540.090723
6512	4388.743451
6514	4814.214677
6516	5316.222193
6518	-145.3209366
6520	-23638.24696
6522	-20294.16121
6524	1311.98437
6526	36178.58112
6528	25265.29973
6530	-555.3186462
6532	-40083.99805
6534	-41123.77288
6536	-0.020811135
6538	56165.19182
6540	61195.63971
6542	-116.8917736
6544	-50604.25131
6546	-25913.41471
6548	69.33006644
6550	8484.164389
6552	6068.088017
6554	3733.110164
6556	1250.833596
6558	-2791.341998
6560	-14228.61402
6562	-5536.677913
6564	561.496956
6566	6428.313951
6568	11497.57388
6570	6105.448978
6572	-4998.532752
6574	-30878.15638
6576	-10745.12508
6578	3503.607751
6580	43498.64683
6582	21498.97388
6584	-15282.75488
6586	-61228.56376
6588	-5962.290628
6590	29210.24062
6592	58680.04414
6594	3149.54856
6596	-46578.0057
6598	-52468.08357
6600	345.8517448
6602	60120.04632
6604	34825.77228
6606	-6913.498734
6608	-69255.65184
6610	-14451.52048
6612	31230.61514
6614	48499.05423
6616	-446.7728926
6618	-31312.70537
6620	-977.2623207
6622	22595.39863
6624	1370.28603
6626	-30366.73789
6628	-15248.64475
6630	15740.29633
6632	39236.91973
6634	1429.5338
6636	-14728.97675
6638	-18296.77943
6640	-4188.819835
6642	70.33205235
6644	10741.15014
6646	23289.91575
6648	5876.795236
6650	-14450.80236
6652	-58378.11683
6654	-4752.764451
6656	29817.80603
6658	30952.57315
6660	2493.533483
6662	-3627.772256
6664	-12359.8099
6666	-10115.52843
6668	-1929.959476
6670	4286.321864
6672	35888.41545
6674	14915.03595
6676	-15816.21664
6678	-39681.69835
6680	-2697.379885
6682	6308.28015
6684	15626.25418
6686	4645.820132
6688	-768.2760612
6690	-3382.845048
6692	-1459.805022
6694	-214.194612
6696	24.52273866
6698	196.9187982
6700	43.99597753
6702	365.4609012
6704	772.9827736
6706	-8.999275913
6708	-503.2173338
6710	-215.4791666
6712	-392.4124768
6714	-1110.305372
6716	-0.071538845
6718	8979.670239
6720	10025.22271
6722	-1428.500918
6724	-25993.90439
6726	-8742.279949
6728	5275.986628
6730	30949.44598
6732	6374.742986
6734	-13726.85473
6736	-29445.98496
6738	-2535.444968
6740	7156.42061
6742	24283.37424
6744	14628.16944
6746	-1746.134332
6748	-37242.57826
6750	-22441.38488
6752	1130.809349
6754	32069.31378
6756	15382.98044
6758	-1399.106402
6760	-8026.165797
6762	-1840.670002
6764	-2605.995433
6766	-1837.222129
6768	8294.070747
6770	27229.22464
6772	584.1215
6774	-16765.85996
6776	-11830.38176
6778	2012.103564
6780	5066.646403
6782	-293.9891851
6784	-1032.755089
6786	115.5648681
6788	816.2929835
6790	1424.85418
6792	648.186135
6794	-5193.747815
6796	-12078.64078
6798	872.9234931
6800	14786.84717
6802	2469.015944
6804	-5842.609812
6806	-9634.473953
6808	2803.003663
6810	8584.635512
6812	-1909.416762
6814	-4386.873172
6816	2159.587631
6818	2010.150359
6820	-7313.943941
6822	-3690.894616
6824	11109.42414
6826	17838.98647
6828	-3055.60566
6830	-44468.33387
6832	-4960.943741
6834	44469.68942
6836	33734.07121
6838	-11478.6605
6840	-27410.16947
6842	1329.273513
6844	8744.100004
6846	-630.5757727
6848	-2613.534925
6850	603.7514441
6852	4928.290255
6854	-227.9442942
6856	-15740.51069
6858	-557.4101311
6860	26539.4085
6862	14699.94359
6864	-13976.36795
6866	-50333.39775
6868	-2130.092963
6870	39564.15671
6872	58032.39648
6874	4.212998616
6876	-71618.95806
6878	-48743.80325
6880	1571.305103
6882	71583.0422
6884	50459.274
6886	-4131.403813
6888	-73806.10893
6890	-40428.29041
6892	4066.177221
6894	57600.53712
6896	25451.3046
6898	-3443.936141
6900	-24184.22942
6902	-8549.046954
6904	806.6689794
6906	-3.236144113
6908	-355.0550718
6910	3316.276221
6912	16141.38734
6914	5897.199194
6916	-7323.466478
6918	-50120.2161
6920	-23033.44009
6922	10623.57584
6924	82285.71592
6926	30776.25775
6928	-16469.58683
6930	-85702.49632
6932	-21264.60356
6934	16679.71958
6936	54499.71941
6938	9981.931733
6940	-6195.944245
6942	-25172.14713
6944	-11973.0773
6946	4017.920452
6948	19438.05548
6950	2866.092476
6952	-1207.403644
6954	-4976.23203
6956	-2835.014291
6958	92.61626956
6960	797.2122889
6962	1380.263576
6964	2161.792223
6966	-86.47386521
6968	-4135.044638
6970	-169.6759968
6972	3321.359944
6974	-1247.466278
6976	-410.2445929
6978	273.3641595
6980	4288.153269
6982	3030.911246
6984	-4521.629552
6986	-20513.0391
6988	-268.9339203
6990	23323.24882
6992	15692.30337
6994	-531.9543705
6996	-17771.91199
6998	-8155.964042
7000	984.6778936
7002	7016.930949
7004	3963.434718
7006	89.94225291
7008	-3099.491671
7010	-5373.966038
7012	-762.4884089
7014	1635.568216
7016	10250.50087
7018	3232.604689
7020	-3957.820681
7022	-10050.7435
7024	-2931.357974
7026	11.27374507
7028	15160.1114
7030	27053.85954
7032	-1020.301648
7034	-70041.60861
7036	-34830.80098
7038	17829.052
7040	90520.16811
7042	13752.36649
7044	-25766.66328
7046	-46725.17485
7048	-4413.883777
7050	9266.51234
7052	20723.6731
7054	7331.456178
7056	-1878.042987
7058	-16489.76051
7060	-2258.416672
7062	12541.05808
7064	13178.53406
7066	-7965.923513
7068	-47820.21373
7070	-2980.216145
7072	47354.7146
7074	60503.76725
7076	-18.25723331
7078	-56501.60847
7080	-70540.10099
7082	-2510.923969
7084	68086.3747
7086	106558.5974
7088	1656.210198
7090	-88696.65035
7092	-102809.1214
7094	-5.094970389
7096	99773.58086
7098	64822.0599
7100	-3500.442473
7102	-44110.16368
7104	-11280.5925
7106	316.7906393
7108	1164.613735
7110	837.1798032
7112	5705.655738
7114	9103.265298
7116	-63.98030424
7118	-19789.53134
7120	-17115.36561
7122	1.150041639
7124	14986.05958
7126	13779.23058
7128	-41.65363162
7130	-2904.229884
7132	-141.7445953
7134	-1009.146341
7136	-8845.285783
7138	-2519.750843
7140	15976.37653
7142	46557.12101
7144	1949.30803
7146	-48302.0301
7148	-44823.18078
7150	944.3307936
7152	39945.38096
7154	18987.62923
7156	-249.7904605
7158	-16655.63115
7160	-24270.95446
7162	-2446.532449
7164	20208.58449
7166	46380.64469
7168	3547.151203
7170	-31905.96135
7172	-49207.4148
7174	-84.4989571
7176	34406.76991
7178	18264.99326
7180	-731.4035197
7182	-9650.592989
7184	-100.9310299
7186	6424.142696
7188	-6513.739728
7190	-16202.74042
7192	1260.173844
7194	38976.71802
7196	9776.510848
7198	-16936.92277
7200	-38861.84915
7202	-28.2804118
7204	31882.38329
7206	7135.591257
7208	-6138.272884
7210	-5957.003527
7212	-0.576347092
7214	2834.992743
7216	1964.655316
7218	0.570575202
7220	-315.2481258
7222	-280.1957046
7224	-3065.832504
7226	-1409.954938
7228	1919.982174
7230	6123.875839
7232	3430.014938
7234	-1077.480727
7236	-18075.53304
7238	-7779.849837
7240	4229.117306
7242	20314.64956
7244	4380.276351
7246	-2756.263134
7248	-14011.59158
7250	-6840.406469
7252	1884.697296
7254	16224.04869
7256	3576.343987
7258	-3400.147697
7260	-6337.937584
7262	-3261.911179
7264	-34.73795684
7266	13760.73681
7268	19116.60536
7270	-433.647588
7272	-29611.19833
7274	-20065.83999
7276	670.5113793
7278	38087.38395
7280	24681.57197
7282	-2558.705295
7284	-34023.07221
7286	-21797.60257
7288	126.0499495
7290	30926.28773
7292	27838.6999
7294	-1222.360805
7296	-28915.78735
7298	-11212.93783
7300	8801.512225
7302	18087.27658
7304	-2796.799591
7306	-15033.22763
7308	621.6466097
7310	26400.66193
7312	5901.840976
7314	-16550.29898
7316	-34987.04499
7318	-1300.28206
7320	23290.88591
7322	31339.65748
7324	3023.981194
7326	-6317.899532
7328	-32128.84088
7330	-20710.0984
7332	1001.948891
7334	50153.14098
7336	39069.40766
7338	-3455.352859
7340	-60128.95351
7342	-32217.35775
7344	8702.909992
7346	61318.45239
7348	5519.659541
7350	-22330.77632
7352	-20392.93948
7354	2431.142445
7356	21234.99338
7358	203.0213488
7360	-23123.11847
7362	-7295.870128
7364	26337.93558
7366	30178.11601
7368	-8300.330046
7370	-21996.95085
7372	2.697470419
7374	7773.453515
7376	1709.178845
7378	-1953.450013
7380	-3086.321239
7382	494.2085213
7384	3614.291607
7386	1143.921895
7388	-390.4448634
7390	-11459.18698
7392	-9754.614209
7394	6589.743379
7396	46859.44704
7398	3403.506533
7400	-37579.21333
7402	-39603.88116
7404	361.4021889
7406	44536.57287
7408	22316.49471
7410	-7408.86322
7412	-40320.37079
7414	-5440.773087
7416	23526.7516
7418	37086.4374
7420	-6.786272524
7422	-30646.91393
7424	-16509.43326
7426	1139.362062
7428	21500.44808
7430	8515.410907
7432	-1524.499875
7434	-7573.167124
7436	-2441.677241
7438	-507.730141
7440	360.9414211
7442	4801.457682
7444	4212.969542
7446	119.1519326
7448	-4319.18204
7450	-11800.43574
7452	-1373.938619
7454	12518.24096
7456	25614.05885
7458	153.5592794
7460	-30314.52901
7462	-22909.95836
7464	2224.478692
7466	33891.31845
7468	5411.211573
7470	-4342.496562
7472	-4877.990654
7474	-562.3816007
7476	-1326.483054
7478	-4113.011074
7480	564.7055331
7482	31850.27926
7484	25325.12275
7486	-5343.568231
7488	-57248.37202
7490	-23517.51543
7492	3040.759356
7494	30770.28394
7496	14786.28358
7498	309.7859469
7500	-268.4379272
7502	-5987.231393
7504	-30999.07685
7506	-13396.03881
7508	10737.18639
7510	54261.83845
7512	28342.03126
7514	-1361.912582
7516	-68404.72909
7518	-54664.94376
7520	950.8224234
7522	55890.66413
7524	50182.60462
7526	661.084979
7528	-40551.15497
7530	-51475.74659
7532	-1682.738335
7534	24430.73793
7536	37658.12733
7538	11752.91711
7540	-2815.204458
7542	-37982.58276
7544	-24839.61074
7546	218.6454784
7548	26636.29623
7550	25565.72641
7552	7.284211219
7554	-14992.4441
7556	-11061.8413
7558	-202.0847026
7560	2837.010985
7562	4184.671464
7564	3051.525759
7566	18.5586477
7568	-1170.014201
7570	-2132.501214
7572	-2806.127526
7574	-3.253747323
7576	3703.593913
7578	5010.437021
7580	333.0869269
7582	-5747.081265
7584	-14361.63136
7586	-250.548584
7588	22599.47439
7590	16382.77049
7592	-683.2552383
7594	-20366.10663
7596	-10595.43556
7598	2679.143013
7600	11627.15221
7602	841.1926556
7604	-1160.855149
7606	-1549.269773
7608	-54.13165665
7610	1932.387968
7612	228.4368036
7614	-1685.677625
7616	-173.1413292
7618	2018.229766
7620	-136.6215093
7622	6.821727589
7624	2845.116547
7626	3561.673622
7628	-2751.345924
7630	-32752.44926
7632	-4073.642963
7634	48982.40851
7636	58464.96837
7638	-4486.398959
7640	-88935.39953
7642	-22423.07706
7644	20971.33815
7646	54706.48198
7648	4637.593213
7650	-17564.96162
7652	-31439.592
7654	-1455.368892
7656	27685.16656
7658	28904.42298
7660	-1205.148277
7662	-31920.37353
7664	-12024.87006
7666	6089.674902
7668	43834.92506
7670	5441.932458
7672	-33387.10704
7674	-41439.20289
7676	218.0852757
7678	58726.96212
7680	27684.80583
7682	-23487.7595
7684	-68316.28534
7686	-29.82079057
7688	73842.9675
7690	24048.45356
7692	-23494.69153
7694	-31127.82865
7696	1461.685103
7698	8428.523059
7700	-1434.988537
7702	-823.7356674
7704	13515.31935
7706	9045.369851
7708	-10997.77896
7710	-49241.46326
7712	-3713.528887
7714	45403.93709
7716	55033.11561
7718	-287.1926246
7720	-48979.06016
7722	-22866.88096
7724	2099.23272
7726	24285.13632
7728	10345.61485
7730	-2963.650388
7732	-17619.19098
7734	-2995.552837
7736	8017.832474
7738	18281.94471
7740	316.5427227
7742	-14787.25788
7744	-17107.50584
7746	-834.4955705
7748	8287.77768
7750	29972.99605
7752	11308.60888
7754	-15610.56888
7756	-76569.04613
7758	-16191.81334
7760	32960.74456
7762	94589.06641
7764	9374.409425
7766	-48296.65852
7768	-65212.40745
7770	-316.1814741
7772	37647.15117
7774	29929.04297
7776	87.27000399
7778	-18031.05809
7780	-13138.01296
7782	2336.673981
7784	13743.13317
7786	-0.100738006
7788	-12831.77131
7790	-2681.457327
7792	11313.4906
7794	18760.78681
7796	-479.9890503
7798	-30631.59676
7800	-12766.77035
7802	4959.574576
7804	30839.89894
7806	7412.224633
7808	-7988.995898
7810	-23933.98745
7812	-4315.744036
7814	5013.901166
7816	21242.3244
7818	5890.047593
7820	-5287.506821
7822	-20781.76651
7824	-3726.788358
7826	12440.52426
7828	25899.1631
7830	167.0988763
7832	-22945.59622
7834	-17727.22234
7836	581.5892398
7838	24562.84138
7840	17763.79905
7842	-748.1946132
7844	-34391.43921
7846	-22863.90986
7848	5266.533994
7850	34574.38138
7852	3557.967614
7854	-6728.506222
7856	-2190.373634
7858	2149.110441
7860	-263.2681251
7862	-20771.88862
7864	-2341.855681
7866	24910.99854
7868	28692.78851
7870	13.0349712
7872	-19823.19502
7874	-24031.64427
7876	-2423.174315
7878	9648.514166
7880	26454.19644
7882	9937.813197
7884	-3341.311283
7886	-39954.98979
7888	-16059.13257
7890	6654.863486
7892	26441.08632
7894	10842.62023
7896	-1.17742784
7898	-9935.794281
7900	-20456.83988
7902	-14066.57305
7904	191.0571067
7906	57348.20356
7908	73136.33808
7910	-848.7327129
7912	-109895.2282
7914	-89429.45463
7916	574.3841202
7918	115219.9907
7920	84806.59404
7922	-5138.792791
7924	-71714.07324
7926	-22694.27842
7928	1886.623008
7930	11051.67697
7932	5785.132593
7934	-40.54369716
7936	-429.2525603
7938	1600.095957
7940	225.8441824
7942	-5285.110029
7944	-12663.59636
7946	-1408.052968
7948	14186.37325
7950	28637.91197
7952	21.15572906
7954	-23285.60424
7956	-10965.93139
7958	2706.477257
7960	551.4070577
7962	-2098.547094
7964	2777.024133
7966	23890.0624
7968	1553.196652
7970	-42423.68208
7972	-48612.36167
7974	2387.359259
7976	84680.22671
7978	27055.52326
7980	-20777.40317
7982	-62787.3516
7984	-5483.611088
7986	27896.51896
7988	40334.75385
7990	611.51228
7992	-17432.91449
7994	-12134.40625
7996	28.3907455
7998	5025.703663
8000	2015.829462
8002	0.021665416
8004	3.870128245
8006	-76.79183872
8008	-4966.031982
8010	-1703.860277
8012	14001.22693
8014	10739.53767
8016	-5702.61794
8018	-6847.546851
8020	1154.85096
8022	16769.13821
8024	0.030794987
8026	-36816.54422
8028	-13296.57695
8030	23986.90225
8032	49888.17726
8034	91.77933893
8036	-31897.11656
8038	-24106.14406
8040	-77.03132861
8042	14157.48731
8044	22136.41513
8046	5856.762595
8048	-5868.51962
8050	-31551.30947
8052	-8877.122563
8054	5547.0892
8056	21610.62859
8058	2669.146428
8060	-1410.414789
8062	-1093.490664
8064	-3415.161636
8066	-8270.177445
8068	-17.15543305
8070	12944.54062
8072	18434.69233
8074	1846.694682
8076	-16179.96921
8078	-35163.72612
8080	-1689.303396
8082	19004.08986
8084	26618.95133
8086	3019.142732
8088	-10008.89141
8090	-33110.34119
8092	-4470.104701
8094	21295.72046
8096	37778.23984
8098	224.9028481
8100	-31415.30023
8102	-17093.08512
8104	1553.03404
8106	14988.76899
8108	6117.638439
8110	152.5253893
8112	-3319.064292
8114	-20391.99551
8116	-9483.972309
8118	16210.54348
8120	54596.87819
8122	550.3751643
8124	-49952.87293
8126	-18785.54939
8128	16431.5071
8130	25598.61147
8132	-2292.60412
8134	-26200.10387
8136	-178.166699
8138	31150.94554
8140	9546.548507
8142	-10836.26289
8144	-16036.20582
8146	0.605386443
8148	11093.41217
8150	6716.041591
8152	-874.5760667
8154	-20016.77743
8156	-7026.180822
8158	9455.623003
8160	34503.19445
8162	3642.471546
8164	-24124.44895
8166	-41711.06891
8168	-966.8481988
8170	33833.96267
8172	33095.98856
8174	-555.8659582
8176	-21634.82003
8178	-2945.727628
8180	7980.084658
8182	132.5249709
8184	-22714.872
8186	-1975.775684
8188	34290.51618
8190	40575.61189
8192	-1502.976296
8194	-82569.39258
8196	-40539.60637
8198	22604.82806
8200	87390.90151
8202	2760.742784
8204	-34903.1649
8206	-24465.33104
8208	1954.767502
8210	19395.95716
8212	163.847589
8214	-12014.10179
8216	-36.20652437
8218	12232.54182
8220	74.17566766
8222	-6675.250313
8224	-156.6569309
8226	7618.022163
8228	1378.099195
8230	-13689.39869
8232	-8882.23682
8234	4269.508782
8236	25273.70727
8238	967.1248414
8240	-16548.78516
8242	-10589.65533
8244	473.5231471
8246	5096.843323
8248	467.061415
8250	262.5367896
8252	2128.242739
8254	-163.8045884
8256	-13956.3658
8258	-8656.228235
8260	2167.026746
8262	17250.11155
8264	10430.97607
8266	485.092437
8268	-14540.93712
8270	-47139.34046
8272	-7006.668179
8274	41236.06655
8276	86964.73315
8278	2718.945686
8280	-57955.34353
8282	-45411.85331
8284	416.7886678
8286	16165.30039
8288	6507.583608
8290	1052.826512
8292	-173.1030261
8294	-4761.298099
8296	-5197.379652
8298	597.6239354
8300	7280.73211
8302	19.36157548
8304	-11250.55898
8306	-562.7850309
8308	22504.86198
8310	8733.555188
8312	-10820.7119
8314	-23382.55369
8316	-3213.257544
8318	7967.471466
8320	28119.51274
8322	5806.79246
8324	-6214.593673
8326	-34436.58542
8328	-20613.42027
8330	3819.495822
8332	68506.79582
8334	33235.40635
8336	-13755.67043
8338	-91700.06335
8340	-22633.85385
8342	22386.32895
8344	61205.40757
8346	9045.458897
8348	-7731.537543
8350	-21636.76645
8352	-12007.81555
8354	810.2314472
8356	12800.20583
8358	3312.753455
8360	-362.5588794
8362	-264.6758315
8364	570.0271425
8366	458.2939957
8368	-4611.253079
8370	-14754.31588
8372	-340.2524612
8374	13919.17535
8376	14348.93932
8378	544.2555173
8380	-2633.142176
8382	-14871.77018
8384	-22398.11692
8386	-839.2085056
8388	38953.91842
8390	73381.8432
8392	688.7452761
8394	-76923.40523
8396	-88764.25039
8398	-10.73908194
8400	97422.94858
8402	82552.04344
8404	-575.423668
8406	-84255.66394
8408	-51988.02289
8410	3036.390631
8412	56509.60074
8414	22160.62375
8416	-6670.918132
8418	-23413.93427
8420	-1704.865688
8422	1063.318236
8424	150.3132776
8426	86.763436
8428	9429.743969
8430	11106.57361
8432	-8482.66471
8434	-57690.24232
8436	-8780.232621
8438	37255.25514
8440	67088.81184
8442	2931.394565
8444	-32983.5001
8446	-44939.88243
8448	-1304.23784
8450	23259.44275
8452	23384.18525
8454	1026.533999
8456	-4878.599218
8458	-2577.558861
8460	1214.338306
8462	87.90492706
8464	-16003.83104
8466	-10394.10541
8468	19989.64513
8470	62545.29012
8472	513.0124998
8474	-75145.09181
8476	-53735.24874
8478	8456.92159
8480	92037.79303
8482	15837.70094
8484	-31614.96744
8486	-50981.09436
8488	-107.4051746
8490	22684.80144
8492	11025.9717
8494	115.4697313
8496	-947.5197818
8498	-3617.433906
8500	-7583.360689
8502	-234.4493731
8504	15293.49315
8506	12358.81816
8508	-6062.832831
8510	-32722.75968
8512	-30.40371506
8514	52356.12541
8516	17540.2647
8518	-28563.29429
8520	-47332.20842
8522	545.0494795
8524	43519.60237
8526	8068.190356
8528	-12491.58757
8530	-15209.93155
8532	3.289847224
8534	10342.46905
8536	10629.34561
8538	-588.9408643
8540	-29820.30914
8542	-14157.6478
8544	10815.22043
8546	48351.64618
8548	6178.840061
8550	-19010.9689
8552	-39671.12135
8554	-4857.7247
8556	12621.57932
8558	36192.4685
8560	9588.657887
8562	-12391.53059
8564	-46324.92302
8566	-4380.960208
8568	32746.8743
8570	42147.19083
8572	-972.8991831
8574	-39044.43609
8576	-9165.341008
8578	6675.871029
8580	12748.55345
8582	856.9774378
8584	-301.8461307
8586	-577.2059353
8588	-6224.765957
8590	-6958.735716
8592	3802.83915
8594	26816.30148
8596	1751.535734
8598	-14870.60525
8600	-16455.95912
8602	45.46936492
8604	25187.53473
8606	7380.613955
8608	-13392.67413
8610	-16290.22484
8612	-0.610665837
8614	7597.363125
8616	15203.44261
8618	1897.224963
8620	-10545.92598
8622	-13040.75796
8624	-2648.232422
8626	-2.424549878
8628	10267.57825
8630	23339.16323
8632	3888.654199
8634	-9095.383805
8636	-50820.89798
8638	-23900.69304
8640	18230.9923
8642	98022.88598
8644	7718.968553
8646	-49235.78348
8648	-45948.06235
8650	1958.815149
8652	33154.37926
8654	1378.046862
8656	-16264.85413
8658	-4135.361613
8660	12413.3255
8662	20665.80382
8664	-1.42206237
8666	-26662.39752
8668	-23965.91103
8670	85.74128406
8672	37031.07854
8674	32946.87263
8676	-1180.775536
8678	-49812.6754
8680	-24064.95439
8682	8179.209675
8684	37485.90946
8686	1142.561121
8688	-15609.60771
8690	-681.5228414
8692	13280.03156
8694	0.462301753
8696	-28613.40928
8698	-6568.729145
8700	24248.19057
8702	33076.59188
8704	-4487.814215
8706	-35975.32016
8708	-248.3597364
8710	20098.40516
8712	1358.313885
8714	-10859.45187
8716	-4880.151129
8718	7715.595603
8720	23568.2439
8722	124.4980383
8724	-34354.06789
8726	-22223.82315
8728	1648.167198
8730	30463.61063
8732	15052.18874
8734	-1122.550912
8736	-15565.1237
8738	-9659.687584
8740	-262.3520155
8742	2054.048071
8744	8277.709043
8746	10775.13455
8748	586.2744429
8750	-11737.7321
8752	-22220.68243
8754	-3353.573781
8756	4242.550801
8758	25686.53101
8760	23466.13371
8762	-810.2442753
8764	-45424.03687
8766	-32012.24979
8768	27.37078814
8770	36041.95677
8772	40919.96585
8774	1742.532172
8776	-24477.22755
8778	-51865.91458
8780	-10825.48859
8782	16873.90419
8784	75255.65955
8786	20294.59459
8788	-19441.76225
8790	-60574.83405
8792	-13824.3241
8794	5834.885562
8796	35006.70206
8798	19783.61871
8800	-1348.095466
8802	-19795.76307
8804	-7694.663136
8806	0.047987967
8808	1479.871589
8810	1180.513759
8812	2094.161941
8814	3764.610463
8816	178.1607216
8818	-8669.249728
8820	-17108.36967
8822	-582.5931445
8824	13340.48335
8826	21203.69944
8828	3208.901434
8830	-7080.02598
8832	-23833.44953
8834	-7688.083683
8836	6467.63612
8838	40404.43131
8840	2829.250587
8842	-31082.38017
8844	-27273.58987
8846	3345.949189
8848	31369.95767
8850	3172.310714
8852	-8110.094799
8854	-4287.641862
8856	1482.474383
8858	-28.5126178
8860	-11400.59649
8862	-238.8832554
8864	21564.68647
8866	20440.57843
8868	-1369.680465
8870	-25062.56116
8872	-11140.92846
8874	-23.74586759
8876	5474.279769
8878	13277.68233
8880	5761.185661
8882	-61.49080258
8884	-5416.155337
8886	-14544.20257
8888	-5528.227154
8890	2819.919728
8892	20306.2503
8894	9265.499725
8896	-2731.371088
8898	-31808.11116
8900	-6902.114099
8902	24640.78039
8904	31963.89246
8906	-5032.900968
8908	-45355.56877
8910	-3159.728
8912	37074.76588
8914	30949.14762
8916	-10982.02025
8918	-54601.08506
8920	-934.8317572
8922	40610.37241
8924	20721.53038
8926	-6590.54096
8928	-28668.92004
8930	-1805.38421
8932	20888.69404
8934	10355.50447
8936	-2763.000919
8938	-2906.682801
8940	286.5600436
8942	2358.356746
8944	-42.70347561
8946	-9100.446656
8948	-4296.110662
8950	5802.338695
8952	23920.30298
8954	2067.543962
8956	-25749.78909
8958	-30901.50596
8960	619.7883174
8962	51740.5348
8964	22398.37886
8966	-18310.90776
8968	-75552.00279
8970	-5635.616919
8972	65167.00593
8974	86046.04875
8976	-416.8284261
8978	-94058.93058
8980	-51482.54201
8982	4189.34535
8984	66254.19989
8986	33029.11047
8988	-2902.485754
8990	-37138.56421
8992	-15378.34048
8994	-57.32972066
8996	6361.361223
8998	27407.28481
9000	11699.65976
9002	-13210.00647
9004	-43395.92653
9006	-357.3825185
9008	38324.88652
9010	12237.60429
9012	-12129.84051
9014	-16207.53429
9016	4643.783478
9018	25581.34377
9020	-241.1532619
9022	-29009.04197
9024	-10097.09786
9026	6120.396052
9028	31658.51838
9030	7440.51143
9032	-8507.854183
9034	-28116.29337
9036	-8850.024341
9038	949.147245
9040	28920.78137
9042	29977.96784
9044	-483.9436784
9046	-39204.83899
9048	-42387.25535
9050	-280.3458332
9052	69413.07817
9054	66463.24304
9056	-1661.869634
9058	-58447.6768
9060	-25570.79577
9062	283.1796602
9064	12614.17654
9066	13701.41738
9068	4673.667877
9070	-238.2301001
9072	-15461.38825
9074	-22789.81381
9076	458.78226
9078	25981.57066
9080	6418.662031
9082	-6553.143933
9084	-8865.56825
9086	2060.44587
9088	12716.65397
9090	-1.260365392
9092	-21585.7431
9094	-10401.25007
9096	4513.488654
9098	22205.57123
9100	6044.198858
9102	-3163.746588
9104	-10593.25072
9106	-3212.07173
9108	467.6370357
9110	-1.180627355
9112	-672.5246731
9114	4076.466624
9116	16306.18361
9118	1173.825161
9120	-22094.59461
9122	-40846.65693
9124	-24.24461337
9126	41342.23982
9128	21467.20334
9130	-2217.598889
9132	-9869.191656
9134	-319.3740018
9136	-801.4752119
9138	-9074.828809
9140	0.132900787
9142	32737.45733
9144	29078.07751
9146	-1908.162891
9148	-57752.5334
9150	-40940.16511
9152	4594.224471
9154	81096.56916
9156	31407.80543
9158	-13175.33007
9160	-61792.7261
9162	-13878.23651
9164	12716.58684
9166	30797.78574
9168	2704.665861
9170	-2754.463991
9172	-4610.015251
9174	-1966.094935
9176	-143.7870819
9178	93.84379004
9180	501.3578657
9182	2718.56686
9184	4729.54749
9186	-33.05840425
9188	-10692.61041
9190	-8109.866669
9192	272.5862836
9194	11544.81145
9196	3279.52114
9198	-2680.400715
9200	-1343.850493
9202	3552.883811
9204	733.0357698
9206	-19858.46653
9208	-10362.55165
9210	9893.327761
9212	45490.58319
9214	3392.957465
9216	-42159.31644
9218	-67679.97987
9220	84.85079081
9222	97462.02323
9224	58104.11494
9226	-13324.53711
9228	-104926.8398
9230	-29664.90658
9232	20142.98366
9234	78860.51743
9236	15286.04979
9238	-17460.14529
9240	-50273.5657
9242	-9507.289488
9244	24687.87898
9246	55529.66461
9248	-17.39496964
9250	-46883.34536
9252	-14931.7976
9254	11086.67027
9256	41283.86128
9258	2112.834294
9260	-27000.40928
9262	-29895.29742
9264	-3.775667163
9266	29067.40241
9268	30541.94037
9270	131.3082306
9272	-27250.85839
9274	-22498.05297
9276	72.41941802
9278	21392.17128
9280	15103.55731
9282	-348.7402029
9284	-19797.98692
9286	-16398.28777
9288	821.2893214
9290	30660.22798
9292	11952.53041
9294	-2648.505936
9296	-16968.18232
9298	-11580.0526
9300	-36.24976646
9302	7237.477902
9304	10383.13443
9306	5441.769429
9308	725.1122692
9310	-13721.4324
9312	-43376.41484
9314	-1820.18579
9316	28822.29738
9318	37836.77236
9320	4424.615772
9322	-12351.65735
9324	-28996.87707
9326	-5284.747274
9328	1623.116834
9330	14732.64122
9332	15386.41007
9334	-1109.209648
9336	-27546.30338
9338	-2045.690697
9340	18687.2557
9342	6203.687109
9344	-8759.790479
9346	-7923.022864
9348	6535.306056
9350	15037.03727
9352	-3713.203469
9354	-33411.45013
9356	-355.9406675
9358	32818.73265
9360	15572.77361
9362	-5330.997434
9364	-27236.63233
9366	-4623.135795
9368	7645.894339
9370	13635.22082
9372	1773.657425
9374	-853.8374449
9376	-5384.189451
9378	-7359.08716
9380	-844.4420216
9382	2458.558203
9384	15932.72856
9386	16034.76738
9388	-3441.891316
9390	-66734.21435
9392	-24184.16829
9394	21164.90291
9396	79420.83874
9398	9407.210476
9400	-28225.00544
9402	-44136.34295
9404	-428.5048659
9406	22126.58215
9408	3556.135976
9410	-291.8321918
9412	3898.868048
9414	11400.71235
9416	-869.6586009
9418	-50430.44879
9420	-30198.91983
9422	7472.292997
9424	90645.88556
9426	34567.38399
9428	-25430.28156
9430	-104393.9268
9432	-15998.51667
9434	32068.11594
9436	72437.88701
9438	9364.624714
9440	-14793.01572
9442	-34391.81655
9444	-8912.794751
9446	3849.408159
9448	17665.50408
9450	5023.212773
9452	-1267.204586
9454	-4500.392684
9456	-6.813516683
9458	2541.39889
9460	-4472.403248
9462	-2940.415912
9464	1007.153917
9466	7093.218537
9468	1362.482411
9470	-1253.492455
9472	-5728.049196
9474	-642.0720641
9476	9910.709948
9478	1121.346928
9480	-3260.038213
9482	41.69493187
9484	10261.08464
9486	1508.428809
9488	-12875.04286
9490	-17262.58188
9492	239.5673283
9494	31602.16118
9496	14121.34365
9498	-9028.276608
9500	-27228.2111
9502	-985.7349814
9504	5405.573906
9506	2608.965703
9508	458.5932892
9510	1107.451012
9512	1125.377064
9514	-2301.457987
9516	-16376.42557
9518	-4073.756946
9520	4078.539911
9522	14090.69121
9524	5598.395162
9526	-160.9734281
9528	-3502.044411
9530	-6564.632786
9532	-10590.95704
9534	-207.9020287
9536	30976.98984
9538	32308.38607
9540	-1153.585351
9542	-23493.56574
9544	-9668.384767
9546	1567.684179
9548	93.97385183
9550	-1932.167075
9552	965.0801109
9554	21493.76182
9556	5313.86864
9558	-14525.75339
9560	-24729.01724
9562	-898.2401201
9564	5111.022174
9566	8856.469096
9568	4766.341776
9570	233.3284214
9572	-5762.910398
9574	-21824.66524
9576	-2314.631167
9578	22550.3051
9580	33933.51668
9582	-326.3963038
9584	-46165.07294
9586	-17324.08071
9588	13231.91348
9590	43758.76474
9592	1114.931654
9594	-24045.43248
9596	-22435.22072
9598	166.8205077
9600	28922.61261
9602	13830.83771
9604	-7966.267939
9606	-32918.40222
9608	-1198.692808
9610	38087.5271
9612	22259.96407
9614	-9573.326168
9616	-25896.83974
9618	247.8162184
9620	2632.69548
9622	-798.7174095
9624	376.7184285
9626	12333.77722
9628	3220.375838
9630	-17997.16651
9632	-33462.80168
9634	35.83734299
9636	36929.1852
9638	28319.69239
9640	-917.5940833
9642	-42652.88915
9644	-27014.35191
9646	2995.870171
9648	42921.27827
9650	19517.60396
9652	-3615.779215
9654	-35968.02166
9656	-12019.47406
9658	3712.102074
9660	11251.14503
9662	5121.101837
9664	4296.86341
9666	-647.5104139
9668	-30903.26576
9670	-22072.02862
9672	4460.408519
9674	48604.65289
9676	16583.6146
9678	-8964.022035
9680	-40033.33707
9682	-4644.288795
9684	18350.45552
9686	19100.58881
9688	-694.8367018
9690	-13257.79205
9692	-313.1732824
9694	10123.31423
9696	5812.967667
9698	-4621.187727
9700	-26907.65497
9702	-2609.991837
9704	21819.43794
9706	40478.6925
9708	390.4315291
9710	-69095.62697
9712	-50728.55277
9714	10822.01891
9716	106781.4894
9718	27881.5862
9720	-37732.79406
9722	-119253.5752
9724	-11361.48403
9726	57351.29051
9728	92292.60944
9730	4271.759125
9732	-31890.01511
9734	-59039.26232
9736	-8139.927806
9738	24731.08666
9740	39409.47804
9742	1321.333202
9744	-7732.973598
9746	-7644.475985
9748	-99.2291985
9750	1786.287626
9752	-1516.935421
9754	-1871.068307
9756	8681.214261
9758	16103.45988
9760	-2504.201128
9762	-32196.76151
9764	-5508.345169
9766	12584.52639
9768	18190.89035
9770	18.75000171
9772	-5172.238635
9774	-1739.678011
9776	-1237.082044
9778	-2057.328783
9780	3660.955333
9782	22352.91483
9784	1314.681749
9786	-20394.34328
9788	-30274.68861
9790	-60.93034387
9792	38629.14772
9794	27970.86635
9796	-2121.220402
9798	-23191.70588
9800	-12143.5823
9802	-1222.873659
9804	4764.868717
9806	21505.06438
9808	13234.90385
9810	-503.0635657
9812	-24380.80117
9814	-23657.74327
9816	-210.8274959
9818	17940.57775
9820	23950.82242
9822	2330.916562
9824	-5907.023869
9826	-12350.48573
9828	-3825.67616
9830	959.8609301
9832	4265.867652
9834	438.8423587
9836	-1293.338761
9838	751.5830914
9840	7121.172834
9842	338.9188417
9844	-14466.11424
9846	-25148.47045
9848	-224.6672417
9850	32743.83508
9852	42621.33209
9854	1.920511318
9856	-43432.19606
9858	-51333.66775
9860	-427.8313416
9862	58835.57533
9864	52810.70857
9866	-1284.089087
9868	-37438.15668
9870	-15773.68818
9872	-83.88690881
9874	1884.381565
9876	8795.025425
9878	21100.78412
9880	4369.801873
9882	-27793.25603
9884	-68628.56323
9886	8.292488701
9888	72439.42999
9890	18325.30172
9892	-25435.78923
9894	-23507.70987
9896	10554.88289
9898	26979.65356
9900	-2878.366752
9902	-46518.30018
9904	-9242.551009
9906	25360.93634
9908	52574.08035
9910	3523.361009
9912	-23810.44615
9914	-57206.73112
9916	-9877.50094
9918	30225.6117
9920	70746.72887
9922	4005.582761
9924	-32526.18051
9926	-44590.16697
9928	-3824.263313
9930	13798.21194
9932	36813.13713
9934	16437.59442
9936	-1214.053307
9938	-52643.30478
9940	-44795.82079
9942	3166.965094
9944	68870.71231
9946	26828.99337
9948	-6857.946356
9950	-37920.86556
9952	-11592.81933
9954	6974.082755
9956	16095.20132
9958	288.9248188
9960	-1390.203697
9962	-2722.409297
9964	-2564.480636
9966	3402.499606
9968	20948.42978
9970	433.513128
9972	-33844.21007
9974	-27418.22582
9976	3369.863339
9978	57072.39991
9980	15849.11754
9982	-22931.53272
9984	-42436.82557
9986	888.2142438
9988	18565.2697
9990	-0.258884777
9992	-10052.60128
9994	0.012982257
9996	20875.61187
9998	9037.5091
10000	-10072.65811
10002	-44697.86176
10004	-4106.64409
10006	30004.14899
10008	34536.39704
10010	492.8224273
10012	-14800.14403
10014	-20576.98571
10016	-1240.101893
10018	10845.03085
10020	14266.5504
10022	208.9938355
10024	-4527.833154
10026	-5101.808624
10028	-40.71989266
10030	10651.67651
10032	1311.161059
10034	-1421.422574
10036	50.84135534
10038	482.8985281
10040	-793.6435657
10042	-2015.130712
10044	-537.3197128
10046	274.5868397
10048	5424.626247
10050	3020.633551
10052	-1800.679136
10054	-17905.28386
10056	-6761.54178
10058	10002.37725
10060	31702.59657
10062	1420.873376
10064	-12120.6422
10066	-13513.90651
10068	-3515.839567
10070	1035.418478
10072	18427.58073
10074	12699.61492
10076	-1382.265979
10078	-25225.38191
10080	-13285.84479
10082	6749.513296
10084	21677.20066
10086	94.18147866
10088	-4266.31441
10090	558.5279054
10092	3091.695901
10094	-4694.708013
10096	-22980.97606
10098	-452.8208377
10100	42088.83482
10102	42876.77579
10104	-5906.431997
10106	-83737.46406
10108	-22201.37772
10110	24528.18291
10112	60059.65417
10114	6502.989525
10116	-13827.27596
10118	-34087.36188
10120	-6800.247152
10122	6052.314091
10124	28971.87598
10126	10315.90097
10128	-8147.514027
10130	-32844.93599
10132	-2448.819969
10134	13025.01247
10136	13564.80781
10138	94.09691018
10140	-1662.72047
10142	-1647.873805
10144	-5929.124223
10146	-1806.592645
10148	20347.25776
10150	23913.76543
10152	-9347.594844
10154	-28883.98111
10156	110.667617
10158	24090.05559
10160	2691.532022
10162	-16320.6024
10164	-11691.25141
10166	6889.690134
10168	22861.81696
10170	-1.599689646
10172	-18320.84336
10174	-6713.921334
10176	1996.283997
10178	7035.031687
10180	4398.448718
10182	-55.31654028
10184	-6700.758783
10186	-5368.26945
10188	2038.378288
10190	5313.855049
10192	-478.4922485
10194	-2358.721606
10196	334.1722003
10198	8809.109967
10200	610.323208
10202	-16012.43717
10204	-9843.650569
10206	3479.044923
10208	18441.96277
10210	3273.880065
10212	-5337.164053
10214	-18024.56902
10216	-4298.502474
10218	5649.53425
10220	30354.93965
10222	8373.272727
10224	-24822.08443
10226	-58625.41322
10228	-62.48310696
10230	52383.34421
10232	31757.60253
10234	-855.0553241
10236	-24360.12252
10238	-12234.66897
10240	1015.902747
10242	382.1234656
10244	-853.1288973
10246	2321.117993
10248	13278.58654
10250	5032.963369
10252	-2939.856634
10254	-32096.69126
10256	-15618.70518
10258	1853.909467
10260	17209.0498
10262	16556.21285
10264	3392.576552
10266	-1854.355992
10268	-12627.50282
10270	-25346.64166
10272	-12537.5528
10274	8688.757061
10276	84859.54444
10278	38828.33021
10280	-15590.7813
10282	-114347.8099
10284	-48073.85155
10286	16361.74852
10288	107578.7465
10290	37875.43819
10292	-8349.669119
10294	-65551.80287
10296	-32362.02491
10298	7.985193881
10300	26722.55424
10302	50998.65076
10304	12812.41794
10306	-24444.87323
10308	-92308.53213
10310	-9488.50763
10312	51410.36763
10314	60232.49688
10316	2.730907974
10318	-18011.96716
10320	-9102.686667
10322	906.3311515
10324	-358.6552081
10326	-3772.588194
10328	800.5643639
10330	17198.70216
10332	2122.384893
10334	-9336.959815
10336	-8557.791137
10338	795.5026829
10340	496.4725549
10342	-5.215199696
10344	1530.42757
10346	1384.368066
10348	-407.2928993
10350	-5123.734443
10352	-1263.716906
10354	5529.350531
10356	4766.754642
10358	-2239.65864
10360	-2330.198763
10362	2770.660715
10364	525.2808731
10366	-9744.362043
10368	-5481.182711
10370	6403.004078
10372	18305.44902
10374	-2.82630545
10376	-30044.80626
10378	-11319.05862
10380	15058.35497
10382	30336.75024
10384	-234.3619801
10386	-32092.35029
10388	-11061.1687
10390	10844.3191
10392	32452.75756
10394	1458.13087
10396	-21764.51693
10398	-26225.25344
10400	-208.5271656
10402	20787.61602
10404	26758.81494
10406	39.58727559
10408	-17505.96421
10410	-10125.92472
10412	-439.140205
10414	519.2737844
10416	8992.20934
10418	13159.49223
10420	-290.904749
10422	-19129.88906
10424	-5053.767758
10426	9135.184204
10428	11803.3549
10430	-3263.043906
10432	-8444.218214
10434	2376.431321
10436	21625.24597
10438	240.1308066
10440	-25218.01592
10442	-15098.00223
10444	2730.029955
10446	20657.08189
10448	6726.790391
10450	-1972.287703
10452	-13066.01962
10454	-5094.769048
10456	605.6030442
10458	15032.15848
10460	10688.98238
10462	-8505.030522
10464	-40330.12612
10466	-1138.987187
10468	38938.92203
10470	42925.83832
10472	-29.85242408
10474	-62416.6618
10476	-47734.49876
10478	2241.658942
10480	75883.21657
10482	44981.08787
10484	-7869.173617
10486	-98720.25641
10488	-27621.36967
10490	43545.73251
10492	85092.53614
10494	-355.0467209
10496	-57708.58998
10498	-9263.381024
10500	21797.53431
10502	19320.35336
10504	-1509.167222
10506	-9892.817402
10508	-109.4374824
10510	931.2891515
10512	-3183.74367
10514	1506.389832
10516	8214.201118
10518	686.0397326
10520	-6951.811674
10522	-14985.5444
10524	-325.5496935
10526	9372.445533
10528	13108.4847
10530	1068.479715
10532	-6688.77216
10534	-13128.02831
10536	-2112.132717
10538	3834.231974
10540	12469.86967
10542	4181.298555
10544	-4531.949807
10546	-26226.09193
10548	-2398.51607
10550	20351.90136
10552	27869.6019
10554	-1.321120709
10556	-32943.32159
10558	-15703.25888
10560	5140.861868
10562	24079.91679
10564	3330.011816
10566	-4383.994641
10568	-17643.18515
10570	-7225.271475
10572	13414.15729
10574	42206.13503
10576	194.345893
10578	-40114.16164
10580	-26667.28995
10582	4620.977869
10584	55381.86574
10586	9036.406389
10588	-28392.20405
10590	-41396.43332
10592	67.63848409
10594	35241.6043
10596	20219.78771
10598	-3379.90906
10600	-35012.5283
10602	-9730.495567
10604	7544.550349
10606	25643.83131
10608	9095.486367
10610	-2427.9259
10612	-29646.80807
10614	-20776.85548
10616	725.5715967
10618	40357.28187
10620	37396.30956
10622	-338.2306191
10624	-50890.79141
10626	-41833.48331
10628	213.1006776
10630	37889.40054
10632	34707.80985
10634	691.2834027
10636	-24602.99521
10638	-32078.22481
10640	-557.6490511
10642	13400.33431
10644	18103.5231
10646	8539.884809
10648	-2150.768696
10650	-22128.30381
10652	-5522.533364
10654	0.334420499
10656	2978.641846
10658	11326.69554
10660	7433.507685
10662	-0.147726944
10664	-13625.30714
10666	-40306.94414
10668	-9870.981427
10670	32698.73056
10672	92986.56876
10674	13448.97735
10676	-26469.07151
10678	-81440.70676
10680	-28521.07854
10682	5969.712969
10684	49709.26072
10686	37661.43399
10688	2728.319539
10690	-18152.02695
10692	-52633.19238
10694	-17017.534
10696	8071.399789
10698	39286.00197
10700	9298.767413
10702	-1220.65505
10704	-3800.817776
10706	-3429.34808
10708	-6039.182132
10710	-1656.954249
10712	8062.228422
10714	25546.61695
10716	2916.823195
10718	-9662.130165
10720	-12965.46773
10722	-406.3268418
10724	277.6938181
10726	96.83323988
10728	3710.219644
10730	10821.71051
10732	95.97576133
10734	-19100.91924
10736	-20935.7642
10738	168.7362838
10740	23291.14437
10742	20731.48702
10744	-2.675563567
10746	-25799.25421
10748	-24283.06393
10750	1620.383554
10752	36943.75909
10754	6132.314624
10756	-17196.53063
10758	-16749.55358
10760	4298.059498
10762	19019.35051
10764	-513.971483
10766	-15192.85619
10768	-427.6586312
10770	14201.44717
10772	4655.201942
10774	-5456.075243
10776	-2362.718378
10778	1026.72983
10780	2661.78848
10782	-188.406074
10784	-7945.586863
10786	-141.0350477
10788	12440.93559
10790	4871.424824
10792	-4623.379662
10794	-12912.79779
10796	-1189.314912
10798	1360.362204
10800	2975.191058
